Time [s]	Pos_0_x [m]	Pos_0_y [m]	Pos_0_z [m]	Pos_x [m]	Pos_y [m]	Pos_z [m]	Force_x [N]	Force_y [N]	Force_z [N]
0.000000	0.610000	0.000000	0.612731	0.610000	0.000000	0.612731	0.000000	0.000000	0.000000
0.010000	0.610000	0.000001	0.612731	0.610000	0.000000	0.612731	0.000000	0.000000	0.000395
0.020000	0.610000	0.000006	0.612731	0.610000	0.000000	0.612731	0.000000	0.000000	0.001579
0.030000	0.610000	0.000013	0.612731	0.610000	0.000001	0.612731	0.000000	0.000000	0.003553
0.040000	0.610000	0.000024	0.612731	0.610000	0.000002	0.612731	0.000000	0.000000	0.006315
0.050000	0.610000	0.000037	0.612731	0.610000	0.000004	0.612731	0.000000	0.000000	0.009866
0.060000	0.610000	0.000053	0.612731	0.610000	0.000007	0.612732	0.000000	0.000000	0.014205
0.070000	0.610000	0.000073	0.612731	0.610000	0.000011	0.612733	0.000000	0.000000	0.019332
0.080000	0.610000	0.000095	0.612731	0.610000	0.000016	0.612734	0.000000	0.000000	0.025245
0.090000	0.610000	0.000120	0.612731	0.610000	0.000023	0.612736	0.000000	0.000000	0.031943
0.100000	0.610000	0.000148	0.612731	0.610000	0.000031	0.612739	0.000000	0.000000	0.039426
0.110000	0.610000	0.000179	0.612731	0.610000	0.000041	0.612742	0.000000	0.000000	0.047693
0.120000	0.610000	0.000213	0.612731	0.610000	0.000053	0.612746	0.000000	0.000000	0.056741
0.130000	0.610000	0.000250	0.612731	0.610001	0.000067	0.612751	0.000000	0.000000	0.066570
0.140000	0.610000	0.000290	0.612731	0.610001	0.000083	0.612757	0.000000	0.000000	0.077178
0.150000	0.610000	0.000333	0.612731	0.610001	0.000101	0.612764	0.000000	0.000000	0.088564
0.160000	0.610000	0.000379	0.612731	0.610001	0.000121	0.612773	0.000000	0.000000	0.100725
0.170000	0.610000	0.000427	0.612731	0.610002	0.000143	0.612782	0.000000	0.000000	0.113659
0.180000	0.610000	0.000479	0.612731	0.610002	0.000167	0.612794	0.000000	0.000000	0.127366
0.190000	0.610000	0.000534	0.612731	0.610002	0.000194	0.612806	0.000000	0.000000	0.141841
0.200000	0.610000	0.000591	0.612731	0.610003	0.000224	0.612821	0.000000	0.000000	0.157084
0.210000	0.610000	0.000652	0.612731	0.610003	0.000256	0.612837	0.000000	0.000000	0.173092
0.220000	0.610000	0.000715	0.612731	0.610004	0.000290	0.612854	0.000000	0.000000	0.189862
0.230000	0.610000	0.000782	0.612731	0.610004	0.000327	0.612874	0.000000	0.000000	0.207391
0.240000	0.610000	0.000851	0.612731	0.610005	0.000366	0.612895	0.000000	0.000000	0.225677
0.250000	0.610000	0.000923	0.612731	0.610006	0.000409	0.612918	0.000000	0.000000	0.244717
0.260000	0.610000	0.000999	0.612731	0.610006	0.000453	0.612944	0.000000	0.000000	0.264508
0.270000	0.610000	0.001077	0.612731	0.610007	0.000501	0.612971	0.000000	0.000000	0.285047
0.280000	0.610000	0.001158	0.612731	0.610008	0.000551	0.613000	0.000000	0.000000	0.306331
0.290000	0.610000	0.001242	0.612731	0.610009	0.000604	0.613031	0.000000	0.000000	0.328355
0.300000	0.610000	0.001328	0.612731	0.610010	0.000660	0.613065	0.000000	0.000000	0.351118
0.310000	0.610000	0.001418	0.612731	0.610011	0.000719	0.613100	0.000000	0.000000	0.374614
0.320000	0.610000	0.001511	0.612731	0.610011	0.000780	0.613138	0.000000	0.000000	0.398841
0.330000	0.610000	0.001606	0.612731	0.610012	0.000844	0.613178	0.000000	0.000000	0.423794
0.340000	0.610000	0.001705	0.612731	0.610013	0.000911	0.613220	0.000000	0.000000	0.449470
0.350000	0.610000	0.001806	0.612731	0.610014	0.000981	0.613264	0.000000	0.000000	0.475865
0.360000	0.610000	0.001910	0.612731	0.610015	0.001054	0.613310	0.000000	0.000000	0.502974
0.370000	0.610000	0.002018	0.612731	0.610016	0.001130	0.613358	0.000000	0.000000	0.530793
0.380000	0.610000	0.002128	0.612731	0.610017	0.001208	0.613409	0.000000	0.000000	0.559318
0.390000	0.610000	0.002241	0.612731	0.610018	0.001289	0.613461	0.000000	0.000000	0.588544
0.400000	0.610000	0.002356	0.612731	0.610019	0.001374	0.613516	0.000000	0.000000	0.618467
0.410000	0.610000	0.002475	0.612731	0.610020	0.001461	0.613573	0.000000	0.000000	0.649081
0.420000	0.610000	0.002596	0.612731	0.610021	0.001551	0.613632	0.000000	0.000000	0.680383
0.430000	0.610000	0.002721	0.612731	0.610022	0.001644	0.613693	0.000000	0.000000	0.712367
0.440000	0.610000	0.002848	0.612731	0.610023	0.001740	0.613756	0.000000	0.000000	0.745028
0.450000	0.610000	0.002978	0.612731	0.610024	0.001838	0.613821	0.000000	0.000000	0.778360
0.460000	0.610000	0.003111	0.612731	0.610025	0.001940	0.613888	0.000000	0.000000	0.812360
0.470000	0.610000	0.003247	0.612731	0.610026	0.002045	0.613957	0.000000	0.000000	0.847021
0.480000	0.610000	0.003385	0.612731	0.610027	0.002152	0.614028	0.000000	0.000000	0.882337
0.490000	0.610000	0.003527	0.612731	0.610028	0.002262	0.614100	0.000000	0.000000	0.918304
0.500000	0.610000	0.003671	0.612731	0.610029	0.002376	0.614175	0.000000	0.000000	0.954915
0.510000	0.610000	0.003818	0.612731	0.610030	0.002492	0.614252	0.000000	0.000000	0.992165
0.520000	0.610000	0.003968	0.612731	0.610031	0.002611	0.614330	0.000000	0.000000	1.030048
0.530000	0.610000	0.004120	0.612731	0.610032	0.002733	0.614411	0.000000	0.000000	1.068558
0.540000	0.610000	0.004276	0.612731	0.610032	0.002858	0.614493	0.000000	0.000000	1.107688
0.550000	0.610000	0.004434	0.612731	0.610033	0.002985	0.614576	0.000000	0.000000	1.147434
0.560000	0.610000	0.004595	0.612731	0.610034	0.003116	0.614662	0.000000	0.000000	1.187787
0.570000	0.610000	0.004759	0.612731	0.610035	0.003249	0.614749	0.000000	0.000000	1.228743
0.580000	0.610000	0.004925	0.612731	0.610036	0.003385	0.614838	0.000000	0.000000	1.270294
0.590000	0.610000	0.005095	0.612731	0.610036	0.003525	0.614929	0.000000	0.000000	1.312434
0.600000	0.610000	0.005267	0.612731	0.610037	0.003667	0.615021	0.000000	0.000000	1.355157
0.610000	0.610000	0.005442	0.612731	0.610038	0.003811	0.615115	0.000000	0.000000	1.398455
0.620000	0.610000	0.005619	0.612731	0.610038	0.003959	0.615211	0.000000	0.000000	1.442322
0.630000	0.610000	0.005800	0.612731	0.610039	0.004110	0.615308	0.000000	0.000000	1.486750
0.640000	0.610000	0.005983	0.612731	0.610039	0.004263	0.615407	0.000000	0.000000	1.531733
0.650000	0.610000	0.006168	0.612731	0.610040	0.004419	0.615507	0.000000	0.000000	1.577264
0.660000	0.610000	0.006357	0.612731	0.610040	0.004578	0.615609	0.000000	0.000000	1.623336
0.670000	0.610000	0.006548	0.612731	0.610041	0.004740	0.615712	0.000000	0.000000	1.669941
0.680000	0.610000	0.006742	0.612731	0.610041	0.004905	0.615817	0.000000	0.000000	1.717071
0.690000	0.610000	0.006939	0.612731	0.610042	0.005072	0.615923	0.000000	0.000000	1.764720
0.700000	0.610000	0.007138	0.612731	0.610042	0.005242	0.616031	0.000000	0.000000	1.812880
0.710000	0.610000	0.007340	0.612731	0.610043	0.005415	0.616140	0.000000	0.000000	1.861543
0.720000	0.610000	0.007545	0.612731	0.610043	0.005591	0.616251	0.000000	0.000000	1.910702
0.730000	0.610000	0.007752	0.612731	0.610043	0.005770	0.616363	0.000000	0.000000	1.960349
0.740000	0.610000	0.007962	0.612731	0.610044	0.005951	0.616476	0.000000	0.000000	2.010475
0.750000	0.610000	0.008175	0.612731	0.610044	0.006135	0.616591	0.000000	0.000000	2.061074
0.760000	0.610000	0.008390	0.612731	0.610044	0.006322	0.616707	0.000000	0.000000	2.112136
0.770000	0.610000	0.008608	0.612731	0.610044	0.006511	0.616824	0.000000	0.000000	2.163655
0.780000	0.610000	0.008828	0.612731	0.610044	0.006704	0.616943	0.000000	0.000000	2.215622
0.790000	0.610000	0.009051	0.612731	0.610045	0.006899	0.617063	0.000000	0.000000	2.268028
0.800000	0.610000	0.009277	0.612731	0.610045	0.007096	0.617184	0.000000	0.000000	2.320866
0.810000	0.610000	0.009505	0.612731	0.610045	0.007297	0.617307	0.000000	0.000000	2.374127
0.820000	0.610000	0.009736	0.612731	0.610045	0.007500	0.617431	0.000000	0.000000	2.427802
0.830000	0.610000	0.009970	0.612731	0.610045	0.007706	0.617556	0.000000	0.000000	2.481884
0.840000	0.610000	0.010206	0.612731	0.610045	0.007914	0.617682	0.000000	0.000000	2.536363
0.850000	0.610000	0.010444	0.612731	0.610045	0.008125	0.617809	0.000000	0.000000	2.591232
0.860000	0.610000	0.010686	0.612731	0.610045	0.008339	0.617938	0.000000	0.000000	2.646480
0.870000	0.610000	0.010929	0.612731	0.610045	0.008555	0.618068	0.000000	0.000000	2.702101
0.880000	0.610000	0.011175	0.612731	0.610045	0.008774	0.618198	0.000000	0.000000	2.758084
0.890000	0.610000	0.011424	0.612731	0.610045	0.008996	0.618330	0.000000	0.000000	2.814421
0.900000	0.610000	0.011675	0.612731	0.610045	0.009220	0.618463	0.000000	0.000000	2.871104
0.910000	0.610000	0.011929	0.612731	0.610045	0.009447	0.618597	0.000000	0.000000	2.928122
0.920000	0.610000	0.012185	0.612731	0.610044	0.009677	0.618733	0.000000	0.000000	2.985468
0.930000	0.610000	0.012444	0.612731	0.610044	0.009909	0.618869	0.000000	0.000000	3.043132
0.940000	0.610000	0.012705	0.612731	0.610044	0.010144	0.619006	0.000000	0.000000	3.101105
0.950000	0.610000	0.012969	0.612731	0.610044	0.010381	0.619144	0.000000	0.000000	3.159377
0.960000	0.610000	0.013235	0.612731	0.610044	0.010621	0.619283	0.000000	0.000000	3.217941
0.970000	0.610000	0.013504	0.612731	0.610043	0.010863	0.619423	0.000000	0.000000	3.276785
0.980000	0.610000	0.013775	0.612731	0.610043	0.011108	0.619564	0.000000	0.000000	3.335902
0.990000	0.610000	0.014048	0.612731	0.610043	0.011355	0.619706	0.000000	0.000000	3.395282
1.000000	0.610000	0.014324	0.612731	0.610042	0.011605	0.619849	0.000000	0.000000	3.454915
1.010000	0.610000	0.014602	0.612731	0.610042	0.011858	0.619993	0.000000	0.000000	3.514792
1.020000	0.610000	0.014882	0.612731	0.610042	0.012113	0.620137	0.000000	0.000000	3.574904
1.030000	0.610000	0.015165	0.612731	0.610041	0.012370	0.620282	0.000000	0.000000	3.635240
1.040000	0.610000	0.015451	0.612731	0.610041	0.012630	0.620429	0.000000	0.000000	3.695792
1.050000	0.610000	0.015738	0.612731	0.610040	0.012892	0.620575	0.000000	0.000000	3.756551
1.060000	0.610000	0.016028	0.612731	0.610040	0.013157	0.620723	0.000000	0.000000	3.817505
1.070000	0.610000	0.016321	0.612731	0.610039	0.013424	0.620871	0.000000	0.000000	3.878646
1.080000	0.610000	0.016615	0.612731	0.610039	0.013694	0.621020	0.000000	0.000000	3.939964
1.090000	0.610000	0.016912	0.612731	0.610038	0.013966	0.621170	0.000000	0.000000	4.001450
1.100000	0.610000	0.017212	0.612731	0.610038	0.014241	0.621320	0.000000	0.000000	4.063093
1.110000	0.610000	0.017513	0.612731	0.610037	0.014518	0.621471	0.000000	0.000000	4.124885
1.120000	0.610000	0.017817	0.612731	0.610037	0.014797	0.621623	0.000000	0.000000	4.186814
1.130000	0.610000	0.018123	0.612731	0.610036	0.015079	0.621775	0.000000	0.000000	4.248872
1.140000	0.610000	0.018431	0.612731	0.610035	0.015363	0.621928	0.000000	0.000000	4.311049
1.150000	0.610000	0.018742	0.612731	0.610035	0.015650	0.622081	0.000000	0.000000	4.373334
1.160000	0.610000	0.019054	0.612731	0.610034	0.015938	0.622235	0.000000	0.000000	4.435718
1.170000	0.610000	0.019369	0.612731	0.610033	0.016230	0.622389	0.000000	0.000000	4.498191
1.180000	0.610000	0.019687	0.612731	0.610033	0.016523	0.622544	0.000000	0.000000	4.560744
1.190000	0.610000	0.020006	0.612731	0.610032	0.016819	0.622699	0.000000	0.000000	4.623366
1.200000	0.610000	0.020327	0.612731	0.610031	0.017117	0.622855	0.000000	0.000000	4.686047
1.210000	0.610000	0.020651	0.612731	0.610030	0.017417	0.623011	0.000000	0.000000	4.748778
1.220000	0.610000	0.020977	0.612731	0.610030	0.017720	0.623167	0.000000	0.000000	4.811549
1.230000	0.610000	0.021305	0.612731	0.610029	0.018025	0.623324	0.000000	0.000000	4.874350
1.240000	0.610000	0.021635	0.612731	0.610028	0.018332	0.623480	0.000000	0.000000	4.937170
1.250000	0.610000	0.021967	0.612731	0.610027	0.018641	0.623638	0.000000	0.000000	5.000000
1.260000	0.610000	0.022301	0.612731	0.610026	0.018953	0.623795	0.000000	0.000000	5.062830
1.270000	0.610000	0.022638	0.612731	0.610025	0.019267	0.623953	0.000000	0.000000	5.125650
1.280000	0.610000	0.022976	0.612731	0.610024	0.019583	0.624111	0.000000	0.000000	5.188451
1.290000	0.610000	0.023316	0.612731	0.610023	0.019901	0.624269	0.000000	0.000000	5.251222
1.300000	0.610000	0.023659	0.612731	0.610022	0.020222	0.624427	0.000000	0.000000	5.313953
1.310000	0.610000	0.024003	0.612731	0.610022	0.020544	0.624585	0.000000	0.000000	5.376634
1.320000	0.610000	0.024350	0.612731	0.610021	0.020869	0.624744	0.000000	0.000000	5.439256
1.330000	0.610000	0.024699	0.612731	0.610020	0.021196	0.624902	0.000000	0.000000	5.501809
1.340000	0.610000	0.025049	0.612731	0.610019	0.021525	0.625061	0.000000	0.000000	5.564282
1.350000	0.610000	0.025402	0.612731	0.610018	0.021856	0.625220	0.000000	0.000000	5.626666
1.360000	0.610000	0.025756	0.612731	0.610016	0.022189	0.625378	0.000000	0.000000	5.688951
1.370000	0.610000	0.026112	0.612731	0.610015	0.022524	0.625537	0.000000	0.000000	5.751128
1.380000	0.610000	0.026471	0.612731	0.610014	0.022862	0.625696	0.000000	0.000000	5.813186
1.390000	0.610000	0.026831	0.612731	0.610013	0.023201	0.625854	0.000000	0.000000	5.875115
1.400000	0.610000	0.027193	0.612731	0.610012	0.023543	0.626013	0.000000	0.000000	5.936907
1.410000	0.610000	0.027557	0.612731	0.610011	0.023886	0.626171	0.000000	0.000000	5.998550
1.420000	0.610000	0.027923	0.612731	0.610010	0.024232	0.626329	0.000000	0.000000	6.060036
1.430000	0.610000	0.028291	0.612731	0.610009	0.024579	0.626487	0.000000	0.000000	6.121354
1.440000	0.610000	0.028661	0.612731	0.610008	0.024929	0.626645	0.000000	0.000000	6.182495
1.450000	0.610000	0.029032	0.612731	0.610006	0.025280	0.626802	0.000000	0.000000	6.243449
1.460000	0.610000	0.029405	0.612731	0.610005	0.025634	0.626960	0.000000	0.000000	6.304208
1.470000	0.610000	0.029780	0.612731	0.610004	0.025989	0.627117	0.000000	0.000000	6.364760
1.480000	0.610000	0.030157	0.612731	0.610003	0.026347	0.627273	0.000000	0.000000	6.425096
1.490000	0.610000	0.030536	0.612731	0.610002	0.026706	0.627430	0.000000	0.000000	6.485208
1.500000	0.610000	0.030916	0.612731	0.610000	0.027067	0.627586	0.000000	0.000000	6.545085
1.510000	0.610000	0.031298	0.612731	0.609999	0.027430	0.627742	0.000000	0.000000	6.604718
1.520000	0.610000	0.031682	0.612731	0.609998	0.027795	0.627897	0.000000	0.000000	6.664098
1.530000	0.610000	0.032068	0.612731	0.609996	0.028162	0.628052	0.000000	0.000000	6.723215
1.540000	0.610000	0.032455	0.612731	0.609995	0.028531	0.628206	0.000000	0.000000	6.782059
1.550000	0.610000	0.032844	0.612731	0.609994	0.028901	0.628360	0.000000	0.000000	6.840623
1.560000	0.610000	0.033234	0.612731	0.609993	0.029274	0.628514	0.000000	0.000000	6.898895
1.570000	0.610000	0.033627	0.612731	0.609991	0.029648	0.628667	0.000000	0.000000	6.956868
1.580000	0.610000	0.034020	0.612731	0.609990	0.030024	0.628819	0.000000	0.000000	7.014532
1.590000	0.610000	0.034416	0.612731	0.609989	0.030402	0.628971	0.000000	0.000000	7.071878
1.600000	0.610000	0.034813	0.612731	0.609987	0.030781	0.629122	0.000000	0.000000	7.128896
1.610000	0.610000	0.035212	0.612731	0.609986	0.031162	0.629273	0.000000	0.000000	7.185579
1.620000	0.610000	0.035612	0.612731	0.609984	0.031545	0.629423	0.000000	0.000000	7.241916
1.630000	0.610000	0.036014	0.612731	0.609983	0.031930	0.629572	0.000000	0.000000	7.297899
1.640000	0.610000	0.036417	0.612731	0.609982	0.032317	0.629721	0.000000	0.000000	7.353520
1.650000	0.610000	0.036822	0.612731	0.609980	0.032705	0.629869	0.000000	0.000000	7.408768
1.660000	0.610000	0.037228	0.612731	0.609979	0.033094	0.630016	0.000000	0.000000	7.463637
1.670000	0.610000	0.037636	0.612731	0.609977	0.033486	0.630163	0.000000	0.000000	7.518116
1.680000	0.610000	0.038045	0.612731	0.609976	0.033879	0.630308	0.000000	0.000000	7.572198
1.690000	0.610000	0.038456	0.612731	0.609975	0.034274	0.630453	0.000000	0.000000	7.625873
1.700000	0.610000	0.038868	0.612731	0.609973	0.034670	0.630597	0.000000	0.000000	7.679134
1.710000	0.610000	0.039282	0.612731	0.609972	0.035068	0.630740	0.000000	0.000000	7.731972
1.720000	0.610000	0.039697	0.612731	0.609970	0.035467	0.630883	0.000000	0.000000	7.784378
1.730000	0.610000	0.040114	0.612731	0.609969	0.035868	0.631024	0.000000	0.000000	7.836345
1.740000	0.610000	0.040532	0.612731	0.609967	0.036271	0.631165	0.000000	0.000000	7.887864
1.750000	0.610000	0.040951	0.612731	0.609966	0.036675	0.631304	0.000000	0.000000	7.938926
1.760000	0.610000	0.041371	0.612731	0.609964	0.037081	0.631443	0.000000	0.000000	7.989525
1.770000	0.610000	0.041793	0.612731	0.609963	0.037488	0.631581	0.000000	0.000000	8.039651
1.780000	0.610000	0.042216	0.612731	0.609962	0.037896	0.631717	0.000000	0.000000	8.089298
1.790000	0.610000	0.042641	0.612731	0.609960	0.038307	0.631853	0.000000	0.000000	8.138457
1.800000	0.610000	0.043067	0.612731	0.609959	0.038718	0.631988	0.000000	0.000000	8.187120
1.810000	0.610000	0.043494	0.612731	0.609957	0.039131	0.632121	0.000000	0.000000	8.235280
1.820000	0.610000	0.043922	0.612731	0.609956	0.039545	0.632253	0.000000	0.000000	8.282929
1.830000	0.610000	0.044351	0.612731	0.609954	0.039961	0.632385	0.000000	0.000000	8.330059
1.840000	0.610000	0.044782	0.612731	0.609953	0.040378	0.632515	0.000000	0.000000	8.376664
1.850000	0.610000	0.045214	0.612731	0.609951	0.040797	0.632644	0.000000	0.000000	8.422736
1.860000	0.610000	0.045647	0.612731	0.609950	0.041217	0.632772	0.000000	0.000000	8.468267
1.870000	0.610000	0.046081	0.612731	0.609948	0.041638	0.632899	0.000000	0.000000	8.513250
1.880000	0.610000	0.046517	0.612731	0.609947	0.042061	0.633024	0.000000	0.000000	8.557678
1.890000	0.610000	0.046953	0.612731	0.609945	0.042485	0.633148	0.000000	0.000000	8.601545
1.900000	0.610000	0.047391	0.612731	0.609944	0.042910	0.633271	0.000000	0.000000	8.644843
1.910000	0.610000	0.047829	0.612731	0.609942	0.043336	0.633393	0.000000	0.000000	8.687566
1.920000	0.610000	0.048269	0.612731	0.609941	0.043764	0.633513	0.000000	0.000000	8.729706
1.930000	0.610000	0.048710	0.612731	0.609939	0.044193	0.633632	0.000000	0.000000	8.771257
1.940000	0.610000	0.049152	0.612731	0.609937	0.044623	0.633750	0.000000	0.000000	8.812213
1.950000	0.610000	0.049595	0.612731	0.609936	0.045054	0.633867	0.000000	0.000000	8.852566
1.960000	0.610000	0.050039	0.612731	0.609934	0.045487	0.633982	0.000000	0.000000	8.892312
1.970000	0.610000	0.050483	0.612731	0.609933	0.045921	0.634095	0.000000	0.000000	8.931442
1.980000	0.610000	0.050929	0.612731	0.609931	0.046355	0.634208	0.000000	0.000000	8.969952
1.990000	0.610000	0.051376	0.612731	0.609930	0.046791	0.634319	0.000000	0.000000	9.007835
2.000000	0.610000	0.051824	0.612731	0.609928	0.047229	0.634428	0.000000	0.000000	9.045085
2.010000	0.610000	0.052272	0.612731	0.609927	0.047667	0.634536	0.000000	0.000000	9.081696
2.020000	0.610000	0.052722	0.612731	0.609925	0.048106	0.634643	0.000000	0.000000	9.117663
2.030000	0.610000	0.053172	0.612731	0.609924	0.048546	0.634748	0.000000	0.000000	9.152979
2.040000	0.610000	0.053624	0.612731	0.609922	0.048988	0.634851	0.000000	0.000000	9.187640
2.050000	0.610000	0.054076	0.612731	0.609921	0.049430	0.634953	0.000000	0.000000	9.221640
2.060000	0.610000	0.054529	0.612731	0.609920	0.049874	0.635054	0.000000	0.000000	9.254972
2.070000	0.610000	0.054982	0.612731	0.609918	0.050318	0.635153	0.000000	0.000000	9.287633
2.080000	0.610000	0.055437	0.612731	0.609917	0.050764	0.635250	0.000000	0.000000	9.319617
2.090000	0.610000	0.055892	0.612731	0.609915	0.051210	0.635346	0.000000	0.000000	9.350919
2.100000	0.610000	0.056348	0.612731	0.609914	0.051657	0.635440	0.000000	0.000000	9.381533
2.110000	0.610000	0.056805	0.612731	0.609912	0.052106	0.635532	0.000000	0.000000	9.411456
2.120000	0.610000	0.057263	0.612731	0.609911	0.052555	0.635623	0.000000	0.000000	9.440682
2.130000	0.610000	0.057721	0.612731	0.609909	0.053005	0.635713	0.000000	0.000000	9.469207
2.140000	0.610000	0.058180	0.612731	0.609908	0.053456	0.635800	0.000000	0.000000	9.497026
2.150000	0.610000	0.058639	0.612731	0.609906	0.053908	0.635886	0.000000	0.000000	9.524135
2.160000	0.610000	0.059099	0.612731	0.609905	0.054360	0.635971	0.000000	0.000000	9.550530
2.170000	0.610000	0.059560	0.612731	0.609904	0.054814	0.636053	0.000000	0.000000	9.576206
2.180000	0.610000	0.060022	0.612731	0.609902	0.055268	0.636134	0.000000	0.000000	9.601159
2.190000	0.610000	0.060484	0.612731	0.609901	0.055723	0.636213	0.000000	0.000000	9.625386
2.200000	0.610000	0.060946	0.612731	0.609899	0.056179	0.636291	0.000000	0.000000	9.648882
2.210000	0.610000	0.061410	0.612731	0.609898	0.056636	0.636366	0.000000	0.000000	9.671645
2.220000	0.610000	0.061873	0.612731	0.609897	0.057093	0.636440	0.000000	0.000000	9.693669
2.230000	0.610000	0.062337	0.612731	0.609895	0.057551	0.636512	0.000000	0.000000	9.714953
2.240000	0.610000	0.062802	0.612731	0.609894	0.058010	0.636583	0.000000	0.000000	9.735492
2.250000	0.610000	0.063267	0.612731	0.609892	0.058469	0.636651	0.000000	0.000000	9.755283
2.260000	0.610000	0.063733	0.612731	0.609891	0.058929	0.636718	0.000000	0.000000	9.774323
2.270000	0.610000	0.064199	0.612731	0.609890	0.059390	0.636783	0.000000	0.000000	9.792609
2.280000	0.610000	0.064666	0.612731	0.609888	0.059851	0.636846	0.000000	0.000000	9.810138
2.290000	0.610000	0.065133	0.612731	0.609887	0.060313	0.636907	0.000000	0.000000	9.826908
2.300000	0.610000	0.065600	0.612731	0.609886	0.060775	0.636967	0.000000	0.000000	9.842916
2.310000	0.610000	0.066068	0.612731	0.609885	0.061239	0.637024	0.000000	0.000000	9.858159
2.320000	0.610000	0.066536	0.612731	0.609883	0.061702	0.637080	0.000000	0.000000	9.872634
2.330000	0.610000	0.067004	0.612731	0.609882	0.062166	0.637134	0.000000	0.000000	9.886341
2.340000	0.610000	0.067473	0.612731	0.609881	0.062631	0.637186	0.000000	0.000000	9.899275
2.350000	0.610000	0.067942	0.612731	0.609879	0.063096	0.637236	0.000000	0.000000	9.911436
2.360000	0.610000	0.068411	0.612731	0.609878	0.063562	0.637284	0.000000	0.000000	9.922822
2.370000	0.610000	0.068881	0.612731	0.609877	0.064028	0.637331	0.000000	0.000000	9.933430
2.380000	0.610000	0.069350	0.612731	0.609876	0.064494	0.637375	0.000000	0.000000	9.943259
2.390000	0.610000	0.069820	0.612731	0.609875	0.064961	0.637417	0.000000	0.000000	9.952307
2.400000	0.610000	0.070291	0.612731	0.609873	0.065429	0.637458	0.000000	0.000000	9.960574
2.410000	0.610000	0.070761	0.612731	0.609872	0.065897	0.637497	0.000000	0.000000	9.968057
2.420000	0.610000	0.071232	0.612731	0.609871	0.066365	0.637533	0.000000	0.000000	9.974755
2.430000	0.610000	0.071702	0.612731	0.609870	0.066833	0.637568	0.000000	0.000000	9.980668
2.440000	0.610000	0.072173	0.612731	0.609869	0.067302	0.637601	0.000000	0.000000	9.985795
2.450000	0.610000	0.072644	0.612731	0.609868	0.067771	0.637632	0.000000	0.000000	9.990134
2.460000	0.610000	0.073115	0.612731	0.609866	0.068240	0.637661	0.000000	0.000000	9.993685
2.470000	0.610000	0.073586	0.612731	0.609865	0.068710	0.637687	0.000000	0.000000	9.996447
2.480000	0.610000	0.074058	0.612731	0.609864	0.069180	0.637712	0.000000	0.000000	9.998421
2.490000	0.610000	0.074529	0.612731	0.609863	0.069650	0.637735	0.000000	0.000000	9.999605
2.500000	0.610000	0.075000	0.612731	0.609862	0.070121	0.637756	0.000000	0.000000	10.000000
2.510000	0.610000	0.075471	0.612731	0.609861	0.070591	0.637775	0.000000	0.000000	9.999605
2.520000	0.610000	0.075942	0.612731	0.609860	0.071062	0.637793	0.000000	0.000000	9.998421
2.530000	0.610000	0.076414	0.612731	0.609859	0.071533	0.637808	0.000000	0.000000	9.996447
2.540000	0.610000	0.076885	0.612731	0.609858	0.072004	0.637821	0.000000	0.000000	9.993685
2.550000	0.610000	0.077356	0.612731	0.609857	0.072475	0.637832	0.000000	0.000000	9.990134
2.560000	0.610000	0.077827	0.612731	0.609856	0.072946	0.637841	0.000000	0.000000	9.985795
2.570000	0.610000	0.078298	0.612731	0.609855	0.073418	0.637848	0.000000	0.000000	9.980668
2.580000	0.610000	0.078768	0.612731	0.609854	0.073889	0.637853	0.000000	0.000000	9.974755
2.590000	0.610000	0.079239	0.612731	0.609853	0.074361	0.637856	0.000000	0.000000	9.968057
2.600000	0.610000	0.079709	0.612731	0.609852	0.074832	0.637857	0.000000	0.000000	9.960574
2.610000	0.610000	0.080180	0.612731	0.609851	0.075304	0.637857	0.000000	0.000000	9.952307
2.620000	0.610000	0.080650	0.612731	0.609851	0.075776	0.637854	0.000000	0.000000	9.943259
2.630000	0.610000	0.081119	0.612731	0.609850	0.076247	0.637849	0.000000	0.000000	9.933430
2.640000	0.610000	0.081589	0.612731	0.609849	0.076719	0.637842	0.000000	0.000000	9.922822
2.650000	0.610000	0.082058	0.612731	0.609848	0.077190	0.637833	0.000000	0.000000	9.911436
2.660000	0.610000	0.082527	0.612731	0.609847	0.077661	0.637823	0.000000	0.000000	9.899275
2.670000	0.610000	0.082996	0.612731	0.609846	0.078133	0.637810	0.000000	0.000000	9.886341
2.680000	0.610000	0.083464	0.612731	0.609846	0.078604	0.637795	0.000000	0.000000	9.872634
2.690000	0.610000	0.083932	0.612731	0.609845	0.079075	0.637778	0.000000	0.000000	9.858159
2.700000	0.610000	0.084400	0.612731	0.609844	0.079546	0.637760	0.000000	0.000000	9.842916
2.710000	0.610000	0.084867	0.612731	0.609844	0.080016	0.637739	0.000000	0.000000	9.826908
2.720000	0.610000	0.085334	0.612731	0.609843	0.080487	0.637716	0.000000	0.000000	9.810138
2.730000	0.610000	0.085801	0.612731	0.609842	0.080957	0.637692	0.000000	0.000000	9.792609
2.740000	0.610000	0.086267	0.612731	0.609841	0.081427	0.637665	0.000000	0.000000	9.774323
2.750000	0.610000	0.086733	0.612731	0.609841	0.081897	0.637636	0.000000	0.000000	9.755283
2.760000	0.610000	0.087198	0.612731	0.609840	0.082367	0.637606	0.000000	0.000000	9.735492
2.770000	0.610000	0.087663	0.612731	0.609840	0.082836	0.637573	0.000000	0.000000	9.714953
2.780000	0.610000	0.088127	0.612731	0.609839	0.083305	0.637539	0.000000	0.000000	9.693669
2.790000	0.610000	0.088590	0.612731	0.609838	0.083773	0.637503	0.000000	0.000000	9.671645
2.800000	0.610000	0.089054	0.612731	0.609838	0.084242	0.637464	0.000000	0.000000	9.648882
2.810000	0.610000	0.089516	0.612731	0.609837	0.084710	0.637424	0.000000	0.000000	9.625386
2.820000	0.610000	0.089978	0.612731	0.609837	0.085177	0.637382	0.000000	0.000000	9.601159
2.830000	0.610000	0.090440	0.612731	0.609836	0.085645	0.637338	0.000000	0.000000	9.576206
2.840000	0.610000	0.090901	0.612731	0.609836	0.086111	0.637292	0.000000	0.000000	9.550530
2.850000	0.610000	0.091361	0.612731	0.609835	0.086578	0.637244	0.000000	0.000000	9.524135
2.860000	0.610000	0.091820	0.612731	0.609835	0.087044	0.637194	0.000000	0.000000	9.497026
2.870000	0.610000	0.092279	0.612731	0.609834	0.087509	0.637142	0.000000	0.000000	9.469207
2.880000	0.610000	0.092737	0.612731	0.609834	0.087974	0.637089	0.000000	0.000000	9.440682
2.890000	0.610000	0.093195	0.612731	0.609834	0.088438	0.637034	0.000000	0.000000	9.411456
2.900000	0.610000	0.093652	0.612731	0.609833	0.088902	0.636976	0.000000	0.000000	9.381533
2.910000	0.610000	0.094108	0.612731	0.609833	0.089366	0.636917	0.000000	0.000000	9.350919
2.920000	0.610000	0.094563	0.612731	0.609833	0.089828	0.636856	0.000000	0.000000	9.319617
2.930000	0.610000	0.095018	0.612731	0.609832	0.090291	0.636793	0.000000	0.000000	9.287633
2.940000	0.610000	0.095471	0.612731	0.609832	0.090752	0.636729	0.000000	0.000000	9.254972
2.950000	0.610000	0.095924	0.612731	0.609832	0.091213	0.636662	0.000000	0.000000	9.221640
2.960000	0.610000	0.096376	0.612731	0.609831	0.091674	0.636594	0.000000	0.000000	9.187640
2.970000	0.610000	0.096828	0.612731	0.609831	0.092133	0.636524	0.000000	0.000000	9.152979
2.980000	0.610000	0.097278	0.612731	0.609831	0.092592	0.636452	0.000000	0.000000	9.117663
2.990000	0.610000	0.097728	0.612731	0.609831	0.093051	0.636379	0.000000	0.000000	9.081696
3.000000	0.610000	0.098176	0.612731	0.609831	0.093509	0.636303	0.000000	0.000000	9.045085
3.010000	0.610000	0.098624	0.612731	0.609831	0.093966	0.636226	0.000000	0.000000	9.007835
3.020000	0.610000	0.099071	0.612731	0.609830	0.094422	0.636147	0.000000	0.000000	8.969952
3.030000	0.610000	0.099517	0.612731	0.609830	0.094877	0.636067	0.000000	0.000000	8.931442
3.040000	0.610000	0.099961	0.612731	0.609830	0.095332	0.635985	0.000000	0.000000	8.892312
3.050000	0.610000	0.100405	0.612731	0.609830	0.095786	0.635901	0.000000	0.000000	8.852566
3.060000	0.610000	0.100848	0.612731	0.609830	0.096239	0.635815	0.000000	0.000000	8.812213
3.070000	0.610000	0.101290	0.612731	0.609830	0.096691	0.635728	0.000000	0.000000	8.771257
3.080000	0.610000	0.101731	0.612731	0.609830	0.097142	0.635639	0.000000	0.000000	8.729706
3.090000	0.610000	0.102171	0.612731	0.609830	0.097593	0.635548	0.000000	0.000000	8.687566
3.100000	0.610000	0.102609	0.612731	0.609830	0.098043	0.635456	0.000000	0.000000	8.644843
3.110000	0.610000	0.103047	0.612731	0.609830	0.098491	0.635362	0.000000	0.000000	8.601545
3.120000	0.610000	0.103483	0.612731	0.609830	0.098939	0.635267	0.000000	0.000000	8.557678
3.130000	0.610000	0.103919	0.612731	0.609830	0.099386	0.635170	0.000000	0.000000	8.513250
3.140000	0.610000	0.104353	0.612731	0.609830	0.099832	0.635071	0.000000	0.000000	8.468267
3.150000	0.610000	0.104786	0.612731	0.609830	0.100277	0.634971	0.000000	0.000000	8.422736
3.160000	0.610000	0.105218	0.612731	0.609831	0.100721	0.634869	0.000000	0.000000	8.376664
3.170000	0.610000	0.105649	0.612731	0.609831	0.101164	0.634766	0.000000	0.000000	8.330059
3.180000	0.610000	0.106078	0.612731	0.609831	0.101606	0.634661	0.000000	0.000000	8.282929
3.190000	0.610000	0.106506	0.612731	0.609831	0.102047	0.634555	0.000000	0.000000	8.235280
3.200000	0.610000	0.106933	0.612731	0.609831	0.102486	0.634448	0.000000	0.000000	8.187120
3.210000	0.610000	0.107359	0.612731	0.609832	0.102925	0.634339	0.000000	0.000000	8.138457
3.220000	0.610000	0.107784	0.612731	0.609832	0.103363	0.634228	0.000000	0.000000	8.089298
3.230000	0.610000	0.108207	0.612731	0.609832	0.103799	0.634116	0.000000	0.000000	8.039651
3.240000	0.610000	0.108629	0.612731	0.609832	0.104235	0.634003	0.000000	0.000000	7.989525
3.250000	0.610000	0.109049	0.612731	0.609833	0.104669	0.633888	0.000000	0.000000	7.938926
3.260000	0.610000	0.109468	0.612731	0.609833	0.105102	0.633772	0.000000	0.000000	7.887864
3.270000	0.610000	0.109886	0.612731	0.609834	0.105534	0.633654	0.000000	0.000000	7.836345
3.280000	0.610000	0.110303	0.612731	0.609834	0.105965	0.633536	0.000000	0.000000	7.784378
3.290000	0.610000	0.110718	0.612731	0.609834	0.106394	0.633416	0.000000	0.000000	7.731972
3.300000	0.610000	0.111132	0.612731	0.609835	0.106822	0.633294	0.000000	0.000000	7.679134
3.310000	0.610000	0.111544	0.612731	0.609835	0.107249	0.633171	0.000000	0.000000	7.625873
3.320000	0.610000	0.111955	0.612731	0.609836	0.107675	0.633048	0.000000	0.000000	7.572198
3.330000	0.610000	0.112364	0.612731	0.609836	0.108099	0.632922	0.000000	0.000000	7.518116
3.340000	0.610000	0.112772	0.612731	0.609837	0.108523	0.632796	0.000000	0.000000	7.463637
3.350000	0.610000	0.113178	0.612731	0.609837	0.108944	0.632669	0.000000	0.000000	7.408768
3.360000	0.610000	0.113583	0.612731	0.609838	0.109365	0.632540	0.000000	0.000000	7.353520
3.370000	0.610000	0.113986	0.612731	0.609838	0.109784	0.632410	0.000000	0.000000	7.297899
3.380000	0.610000	0.114388	0.612731	0.609839	0.110202	0.632279	0.000000	0.000000	7.241916
3.390000	0.610000	0.114788	0.612731	0.609839	0.110618	0.632147	0.000000	0.000000	7.185579
3.400000	0.610000	0.115187	0.612731	0.609840	0.111033	0.632014	0.000000	0.000000	7.128896
3.410000	0.610000	0.115584	0.612731	0.609841	0.111447	0.631879	0.000000	0.000000	7.071878
3.420000	0.610000	0.115980	0.612731	0.609841	0.111859	0.631744	0.000000	0.000000	7.014532
3.430000	0.610000	0.116373	0.612731	0.609842	0.112270	0.631608	0.000000	0.000000	6.956868
3.440000	0.610000	0.116766	0.612731	0.609843	0.112679	0.631470	0.000000	0.000000	6.898895
3.450000	0.610000	0.117156	0.612731	0.609843	0.113087	0.631332	0.000000	0.000000	6.840623
3.460000	0.610000	0.117545	0.612731	0.609844	0.113493	0.631193	0.000000	0.000000	6.782059
3.470000	0.610000	0.117932	0.612731	0.609845	0.113897	0.631052	0.000000	0.000000	6.723215
3.480000	0.610000	0.118318	0.612731	0.609846	0.114301	0.630911	0.000000	0.000000	6.664098
3.490000	0.610000	0.118702	0.612731	0.609846	0.114702	0.630769	0.000000	0.000000	6.604718
3.500000	0.610000	0.119084	0.612731	0.609847	0.115102	0.630626	0.000000	0.000000	6.545085
3.510000	0.610000	0.119464	0.612731	0.609848	0.115501	0.630482	0.000000	0.000000	6.485208
3.520000	0.610000	0.119843	0.612731	0.609849	0.115898	0.630338	0.000000	0.000000	6.425096
3.530000	0.610000	0.120220	0.612731	0.609850	0.116293	0.630192	0.000000	0.000000	6.364760
3.540000	0.610000	0.120595	0.612731	0.609850	0.116687	0.630046	0.000000	0.000000	6.304208
3.550000	0.610000	0.120968	0.612731	0.609851	0.117079	0.629899	0.000000	0.000000	6.243449
3.560000	0.610000	0.121339	0.612731	0.609852	0.117469	0.629751	0.000000	0.000000	6.182495
3.570000	0.610000	0.121709	0.612731	0.609853	0.117858	0.629603	0.000000	0.000000	6.121354
3.580000	0.610000	0.122077	0.612731	0.609854	0.118245	0.629454	0.000000	0.000000	6.060036
3.590000	0.610000	0.122443	0.612731	0.609855	0.118630	0.629304	0.000000	0.000000	5.998550
3.600000	0.610000	0.122807	0.612731	0.609856	0.119014	0.629154	0.000000	0.000000	5.936907
3.610000	0.610000	0.123169	0.612731	0.609857	0.119396	0.629003	0.000000	0.000000	5.875115
3.620000	0.610000	0.123529	0.612731	0.609858	0.119776	0.628851	0.000000	0.000000	5.813186
3.630000	0.610000	0.123888	0.612731	0.609859	0.120154	0.628699	0.000000	0.000000	5.751128
3.640000	0.610000	0.124244	0.612731	0.609860	0.120531	0.628546	0.000000	0.000000	5.688951
3.650000	0.610000	0.124598	0.612731	0.609861	0.120905	0.628393	0.000000	0.000000	5.626666
3.660000	0.610000	0.124951	0.612731	0.609862	0.121278	0.628239	0.000000	0.000000	5.564282
3.670000	0.610000	0.125301	0.612731	0.609863	0.121649	0.628085	0.000000	0.000000	5.501809
3.680000	0.610000	0.125650	0.612731	0.609864	0.122019	0.627930	0.000000	0.000000	5.439256
3.690000	0.610000	0.125997	0.612731	0.609865	0.122386	0.627775	0.000000	0.000000	5.376634
3.700000	0.610000	0.126341	0.612731	0.609867	0.122752	0.627619	0.000000	0.000000	5.313953
3.710000	0.610000	0.126684	0.612731	0.609868	0.123115	0.627463	0.000000	0.000000	5.251222
3.720000	0.610000	0.127024	0.612731	0.609869	0.123477	0.627307	0.000000	0.000000	5.188451
3.730000	0.610000	0.127362	0.612731	0.609870	0.123837	0.627151	0.000000	0.000000	5.125650
3.740000	0.610000	0.127699	0.612731	0.609871	0.124195	0.626994	0.000000	0.000000	5.062830
3.750000	0.610000	0.128033	0.612731	0.609872	0.124551	0.626836	0.000000	0.000000	5.000000
3.760000	0.610000	0.128365	0.612731	0.609874	0.124905	0.626679	0.000000	0.000000	4.937170
3.770000	0.610000	0.128695	0.612731	0.609875	0.125257	0.626521	0.000000	0.000000	4.874350
3.780000	0.610000	0.129023	0.612731	0.609876	0.125607	0.626363	0.000000	0.000000	4.811549
3.790000	0.610000	0.129349	0.612731	0.609877	0.125955	0.626205	0.000000	0.000000	4.748778
3.800000	0.610000	0.129673	0.612731	0.609879	0.126301	0.626047	0.000000	0.000000	4.686047
3.810000	0.610000	0.129994	0.612731	0.609880	0.126645	0.625889	0.000000	0.000000	4.623366
3.820000	0.610000	0.130313	0.612731	0.609881	0.126988	0.625730	0.000000	0.000000	4.560744
3.830000	0.610000	0.130631	0.612731	0.609883	0.127328	0.625572	0.000000	0.000000	4.498191
3.840000	0.610000	0.130946	0.612731	0.609884	0.127665	0.625413	0.000000	0.000000	4.435718
3.850000	0.610000	0.131258	0.612731	0.609885	0.128001	0.625255	0.000000	0.000000	4.373334
3.860000	0.610000	0.131569	0.612731	0.609887	0.128335	0.625096	0.000000	0.000000	4.311049
3.870000	0.610000	0.131877	0.612731	0.609888	0.128667	0.624937	0.000000	0.000000	4.248872
3.880000	0.610000	0.132183	0.612731	0.609889	0.128996	0.624779	0.000000	0.000000	4.186814
3.890000	0.610000	0.132487	0.612731	0.609891	0.129324	0.624620	0.000000	0.000000	4.124885
3.900000	0.610000	0.132788	0.612731	0.609892	0.129649	0.624462	0.000000	0.000000	4.063093
3.910000	0.610000	0.133088	0.612731	0.609894	0.129972	0.624304	0.000000	0.000000	4.001450
3.920000	0.610000	0.133385	0.612731	0.609895	0.130293	0.624146	0.000000	0.000000	3.939964
3.930000	0.610000	0.133679	0.612731	0.609896	0.130612	0.623988	0.000000	0.000000	3.878646
3.940000	0.610000	0.133972	0.612731	0.609898	0.130928	0.623830	0.000000	0.000000	3.817505
3.950000	0.610000	0.134262	0.612731	0.609899	0.131242	0.623672	0.000000	0.000000	3.756551
3.960000	0.610000	0.134549	0.612731	0.609901	0.131555	0.623515	0.000000	0.000000	3.695792
3.970000	0.610000	0.134835	0.612731	0.609902	0.131865	0.623358	0.000000	0.000000	3.635240
3.980000	0.610000	0.135118	0.612731	0.609904	0.132172	0.623201	0.000000	0.000000	3.574904
3.990000	0.610000	0.135398	0.612731	0.609905	0.132478	0.623045	0.000000	0.000000	3.514792
4.000000	0.610000	0.135676	0.612731	0.609907	0.132781	0.622889	0.000000	0.000000	3.454915
4.010000	0.610000	0.135952	0.612731	0.609908	0.133081	0.622733	0.000000	0.000000	3.395282
4.020000	0.610000	0.136225	0.612731	0.609910	0.133380	0.622578	0.000000	0.000000	3.335902
4.030000	0.610000	0.136496	0.612731	0.609911	0.133676	0.622423	0.000000	0.000000	3.276785
4.040000	0.610000	0.136765	0.612731	0.609913	0.133970	0.622268	0.000000	0.000000	3.217941
4.050000	0.610000	0.137031	0.612731	0.609915	0.134262	0.622114	0.000000	0.000000	3.159377
4.060000	0.610000	0.137295	0.612731	0.609916	0.134551	0.621961	0.000000	0.000000	3.101105
4.070000	0.610000	0.137556	0.612731	0.609918	0.134838	0.621808	0.000000	0.000000	3.043132
4.080000	0.610000	0.137815	0.612731	0.609919	0.135122	0.621655	0.000000	0.000000	2.985468
4.090000	0.610000	0.138071	0.612731	0.609921	0.135405	0.621503	0.000000	0.000000	2.928122
4.100000	0.610000	0.138325	0.612731	0.609923	0.135684	0.621352	0.000000	0.000000	2.871104
4.110000	0.610000	0.138576	0.612731	0.609924	0.135962	0.621201	0.000000	0.000000	2.814421
4.120000	0.610000	0.138825	0.612731	0.609926	0.136237	0.621051	0.000000	0.000000	2.758084
4.130000	0.610000	0.139071	0.612731	0.609927	0.136509	0.620902	0.000000	0.000000	2.702101
4.140000	0.610000	0.139314	0.612731	0.609929	0.136779	0.620753	0.000000	0.000000	2.646480
4.150000	0.610000	0.139556	0.612731	0.609931	0.137047	0.620605	0.000000	0.000000	2.591232
4.160000	0.610000	0.139794	0.612731	0.609932	0.137312	0.620458	0.000000	0.000000	2.536363
4.170000	0.610000	0.140030	0.612731	0.609934	0.137575	0.620311	0.000000	0.000000	2.481884
4.180000	0.610000	0.140264	0.612731	0.609936	0.137835	0.620165	0.000000	0.000000	2.427802
4.190000	0.610000	0.140495	0.612731	0.609937	0.138093	0.620020	0.000000	0.000000	2.374127
4.200000	0.610000	0.140723	0.612731	0.609939	0.138348	0.619876	0.000000	0.000000	2.320866
4.210000	0.610000	0.140949	0.612731	0.609941	0.138601	0.619733	0.000000	0.000000	2.268028
4.220000	0.610000	0.141172	0.612731	0.609942	0.138852	0.619590	0.000000	0.000000	2.215622
4.230000	0.610000	0.141392	0.612731	0.609944	0.139099	0.619449	0.000000	0.000000	2.163655
4.240000	0.610000	0.141610	0.612731	0.609946	0.139345	0.619308	0.000000	0.000000	2.112136
4.250000	0.610000	0.141825	0.612731	0.609947	0.139587	0.619168	0.000000	0.000000	2.061074
4.260000	0.610000	0.142038	0.612731	0.609949	0.139827	0.619030	0.000000	0.000000	2.010475
4.270000	0.610000	0.142248	0.612731	0.609951	0.140065	0.618892	0.000000	0.000000	1.960349
4.280000	0.610000	0.142455	0.612731	0.609953	0.140300	0.618755	0.000000	0.000000	1.910702
4.290000	0.610000	0.142660	0.612731	0.609954	0.140532	0.618619	0.000000	0.000000	1.861543
4.300000	0.610000	0.142862	0.612731	0.609956	0.140762	0.618484	0.000000	0.000000	1.812880
4.310000	0.610000	0.143061	0.612731	0.609958	0.140990	0.618351	0.000000	0.000000	1.764720
4.320000	0.610000	0.143258	0.612731	0.609959	0.141214	0.618218	0.000000	0.000000	1.717071
4.330000	0.610000	0.143452	0.612731	0.609961	0.141436	0.618087	0.000000	0.000000	1.669941
4.340000	0.610000	0.143643	0.612731	0.609963	0.141656	0.617956	0.000000	0.000000	1.623336
4.350000	0.610000	0.143832	0.612731	0.609965	0.141872	0.617827	0.000000	0.000000	1.577264
4.360000	0.610000	0.144017	0.612731	0.609966	0.142086	0.617699	0.000000	0.000000	1.531733
4.370000	0.610000	0.144200	0.612731	0.609968	0.142298	0.617572	0.000000	0.000000	1.486750
4.380000	0.610000	0.144381	0.612731	0.609970	0.142507	0.617446	0.000000	0.000000	1.442322
4.390000	0.610000	0.144558	0.612731	0.609972	0.142713	0.617322	0.000000	0.000000	1.398455
4.400000	0.610000	0.144733	0.612731	0.609973	0.142916	0.617199	0.000000	0.000000	1.355157
4.410000	0.610000	0.144905	0.612731	0.609975	0.143117	0.617077	0.000000	0.000000	1.312434
4.420000	0.610000	0.145075	0.612731	0.609977	0.143315	0.616956	0.000000	0.000000	1.270294
4.430000	0.610000	0.145241	0.612731	0.609979	0.143510	0.616837	0.000000	0.000000	1.228743
4.440000	0.610000	0.145405	0.612731	0.609980	0.143703	0.616719	0.000000	0.000000	1.187787
4.450000	0.610000	0.145566	0.612731	0.609982	0.143893	0.616602	0.000000	0.000000	1.147434
4.460000	0.610000	0.145724	0.612731	0.609984	0.144080	0.616487	0.000000	0.000000	1.107688
4.470000	0.610000	0.145880	0.612731	0.609986	0.144265	0.616373	0.000000	0.000000	1.068558
4.480000	0.610000	0.146032	0.612731	0.609987	0.144447	0.616260	0.000000	0.000000	1.030048
4.490000	0.610000	0.146182	0.612731	0.609989	0.144626	0.616149	0.000000	0.000000	0.992165
4.500000	0.610000	0.146329	0.612731	0.609991	0.144802	0.616040	0.000000	0.000000	0.954915
4.510000	0.610000	0.146473	0.612731	0.609992	0.144975	0.615931	0.000000	0.000000	0.918304
4.520000	0.610000	0.146615	0.612731	0.609994	0.145146	0.615824	0.000000	0.000000	0.882337
4.530000	0.610000	0.146753	0.612731	0.609996	0.145314	0.615719	0.000000	0.000000	0.847021
4.540000	0.610000	0.146889	0.612731	0.609998	0.145479	0.615615	0.000000	0.000000	0.812360
4.550000	0.610000	0.147022	0.612731	0.609999	0.145641	0.615513	0.000000	0.000000	0.778360
4.560000	0.610000	0.147152	0.612731	0.610001	0.145801	0.615412	0.000000	0.000000	0.745028
4.570000	0.610000	0.147279	0.612731	0.610003	0.145958	0.615313	0.000000	0.000000	0.712367
4.580000	0.610000	0.147404	0.612731	0.610004	0.146112	0.615215	0.000000	0.000000	0.680383
4.590000	0.610000	0.147525	0.612731	0.610006	0.146263	0.615119	0.000000	0.000000	0.649081
4.600000	0.610000	0.147644	0.612731	0.610008	0.146411	0.615025	0.000000	0.000000	0.618467
4.610000	0.610000	0.147759	0.612731	0.610010	0.146557	0.614932	0.000000	0.000000	0.588544
4.620000	0.610000	0.147872	0.612731	0.610011	0.146700	0.614841	0.000000	0.000000	0.559318
4.630000	0.610000	0.147982	0.612731	0.610013	0.146839	0.614751	0.000000	0.000000	0.530793
4.640000	0.610000	0.148090	0.612731	0.610015	0.146976	0.614663	0.000000	0.000000	0.502974
4.650000	0.610000	0.148194	0.612731	0.610016	0.147111	0.614577	0.000000	0.000000	0.475865
4.660000	0.610000	0.148295	0.612731	0.610018	0.147242	0.614492	0.000000	0.000000	0.449470
4.670000	0.610000	0.148394	0.612731	0.610020	0.147370	0.614409	0.000000	0.000000	0.423794
4.680000	0.610000	0.148489	0.612731	0.610021	0.147496	0.614328	0.000000	0.000000	0.398841
4.690000	0.610000	0.148582	0.612731	0.610023	0.147619	0.614249	0.000000	0.000000	0.374614
4.700000	0.610000	0.148672	0.612731	0.610025	0.147739	0.614171	0.000000	0.000000	0.351118
4.710000	0.610000	0.148758	0.612731	0.610026	0.147856	0.614095	0.000000	0.000000	0.328355
4.720000	0.610000	0.148842	0.612731	0.610028	0.147970	0.614021	0.000000	0.000000	0.306331
4.730000	0.610000	0.148923	0.612731	0.610030	0.148081	0.613948	0.000000	0.000000	0.285047
4.740000	0.610000	0.149001	0.612731	0.610031	0.148189	0.613877	0.000000	0.000000	0.264508
4.750000	0.610000	0.149077	0.612731	0.610033	0.148295	0.613808	0.000000	0.000000	0.244717
4.760000	0.610000	0.149149	0.612731	0.610034	0.148397	0.613741	0.000000	0.000000	0.225677
4.770000	0.610000	0.149218	0.612731	0.610036	0.148497	0.613676	0.000000	0.000000	0.207391
4.780000	0.610000	0.149285	0.612731	0.610038	0.148593	0.613612	0.000000	0.000000	0.189862
4.790000	0.610000	0.149348	0.612731	0.610039	0.148687	0.613551	0.000000	0.000000	0.173092
4.800000	0.610000	0.149409	0.612731	0.610041	0.148778	0.613491	0.000000	0.000000	0.157084
4.810000	0.610000	0.149466	0.612731	0.610042	0.148866	0.613433	0.000000	0.000000	0.141841
4.820000	0.610000	0.149521	0.612731	0.610044	0.148951	0.613377	0.000000	0.000000	0.127366
4.830000	0.610000	0.149573	0.612731	0.610045	0.149033	0.613323	0.000000	0.000000	0.113659
4.840000	0.610000	0.149621	0.612731	0.610047	0.149113	0.613270	0.000000	0.000000	0.100725
4.850000	0.610000	0.149667	0.612731	0.610048	0.149189	0.613220	0.000000	0.000000	0.088564
4.860000	0.610000	0.149710	0.612731	0.610050	0.149262	0.613171	0.000000	0.000000	0.077178
4.870000	0.610000	0.149750	0.612731	0.610051	0.149333	0.613125	0.000000	0.000000	0.066570
4.880000	0.610000	0.149787	0.612731	0.610053	0.149400	0.613080	0.000000	0.000000	0.056741
4.890000	0.610000	0.149821	0.612731	0.610054	0.149464	0.613037	0.000000	0.000000	0.047693
4.900000	0.610000	0.149852	0.612731	0.610056	0.149526	0.612996	0.000000	0.000000	0.039426
4.910000	0.610000	0.149880	0.612731	0.610057	0.149585	0.612957	0.000000	0.000000	0.031943
4.920000	0.610000	0.149905	0.612731	0.610059	0.149640	0.612920	0.000000	0.000000	0.025245
4.930000	0.610000	0.149927	0.612731	0.610060	0.149693	0.612885	0.000000	0.000000	0.019332
4.940000	0.610000	0.149947	0.612731	0.610062	0.149743	0.612852	0.000000	0.000000	0.014205
4.950000	0.610000	0.149963	0.612731	0.610063	0.149790	0.612821	0.000000	0.000000	0.009866
4.960000	0.610000	0.149976	0.612731	0.610064	0.149833	0.612791	0.000000	0.000000	0.006315
4.970000	0.610000	0.149987	0.612731	0.610066	0.149874	0.612764	0.000000	0.000000	0.003553
4.980000	0.610000	0.149994	0.612731	0.610067	0.149912	0.612739	0.000000	0.000000	0.001579
4.990000	0.610000	0.149999	0.612731	0.610068	0.149947	0.612715	0.000000	0.000000	0.000395
5.000000	0.610000	0.150000	0.612731	0.610070	0.149979	0.612694	0.000000	0.000000	0.000000
5.010000	0.610000	0.149999	0.612731	0.610071	0.150008	0.612675	0.000000	0.000000	0.000000
5.020000	0.610000	0.149994	0.612731	0.610072	0.150034	0.612657	0.000000	0.000000	0.000000
5.030000	0.610000	0.149987	0.612731	0.610074	0.150057	0.612642	0.000000	0.000000	0.000000
5.040000	0.610000	0.149976	0.612731	0.610075	0.150077	0.612628	0.000000	0.000000	0.000000
5.050000	0.610000	0.149963	0.612731	0.610076	0.150094	0.612616	0.000000	0.000000	0.000000
5.060000	0.610000	0.149947	0.612731	0.610077	0.150108	0.612606	0.000000	0.000000	0.000000
5.070000	0.610000	0.149927	0.612731	0.610079	0.150119	0.612598	0.000000	0.000000	0.000000
5.080000	0.610000	0.149905	0.612731	0.610080	0.150126	0.612591	0.000000	0.000000	0.000000
5.090000	0.610000	0.149880	0.612731	0.610081	0.150131	0.612586	0.000000	0.000000	0.000000
5.100000	0.610000	0.149852	0.612731	0.610082	0.150132	0.612582	0.000000	0.000000	0.000000
5.110000	0.610000	0.149821	0.612731	0.610083	0.150131	0.612579	0.000000	0.000000	0.000000
5.120000	0.610000	0.149787	0.612731	0.610084	0.150126	0.612578	0.000000	0.000000	0.000000
5.130000	0.610000	0.149750	0.612731	0.610084	0.150119	0.612577	0.000000	0.000000	0.000000
5.140000	0.610000	0.149710	0.612731	0.610085	0.150108	0.612578	0.000000	0.000000	0.000000
5.150000	0.610000	0.149667	0.612731	0.610086	0.150094	0.612579	0.000000	0.000000	0.000000
5.160000	0.610000	0.149621	0.612731	0.610087	0.150077	0.612582	0.000000	0.000000	0.000000
5.170000	0.610000	0.149573	0.612731	0.610087	0.150058	0.612585	0.000000	0.000000	0.000000
5.180000	0.610000	0.149521	0.612731	0.610088	0.150035	0.612588	0.000000	0.000000	0.000000
5.190000	0.610000	0.149466	0.612731	0.610088	0.150009	0.612592	0.000000	0.000000	0.000000
5.200000	0.610000	0.149409	0.612731	0.610088	0.149980	0.612596	0.000000	0.000000	0.000000
5.210000	0.610000	0.149348	0.612731	0.610089	0.149949	0.612601	0.000000	0.000000	0.000000
5.220000	0.610000	0.149285	0.612731	0.610089	0.149914	0.612606	0.000000	0.000000	0.000000
5.230000	0.610000	0.149218	0.612731	0.610089	0.149877	0.612611	0.000000	0.000000	0.000000
5.240000	0.610000	0.149149	0.612731	0.610089	0.149836	0.612617	0.000000	0.000000	0.000000
5.250000	0.610000	0.149077	0.612731	0.610089	0.149793	0.612622	0.000000	0.000000	0.000000
5.260000	0.610000	0.149001	0.612731	0.610089	0.149746	0.612627	0.000000	0.000000	0.000000
5.270000	0.610000	0.148923	0.612731	0.610089	0.149697	0.612633	0.000000	0.000000	0.000000
5.280000	0.610000	0.148842	0.612731	0.610089	0.149645	0.612638	0.000000	0.000000	0.000000
5.290000	0.610000	0.148758	0.612731	0.610089	0.149590	0.612643	0.000000	0.000000	0.000000
5.300000	0.610000	0.148672	0.612731	0.610089	0.149532	0.612648	0.000000	0.000000	0.000000
5.310000	0.610000	0.148582	0.612731	0.610089	0.149471	0.612653	0.000000	0.000000	0.000000
5.320000	0.610000	0.148489	0.612731	0.610089	0.149408	0.612657	0.000000	0.000000	0.000000
5.330000	0.610000	0.148394	0.612731	0.610088	0.149341	0.612662	0.000000	0.000000	0.000000
5.340000	0.610000	0.148295	0.612731	0.610088	0.149272	0.612666	0.000000	0.000000	0.000000
5.350000	0.610000	0.148194	0.612731	0.610088	0.149199	0.612670	0.000000	0.000000	0.000000
5.360000	0.610000	0.148090	0.612731	0.610087	0.149124	0.612673	0.000000	0.000000	0.000000
5.370000	0.610000	0.147982	0.612731	0.610087	0.149046	0.612677	0.000000	0.000000	0.000000
5.380000	0.610000	0.147872	0.612731	0.610087	0.148965	0.612680	0.000000	0.000000	0.000000
5.390000	0.610000	0.147759	0.612731	0.610086	0.148882	0.612683	0.000000	0.000000	0.000000
5.400000	0.610000	0.147644	0.612731	0.610086	0.148795	0.612685	0.000000	0.000000	0.000000
5.410000	0.610000	0.147525	0.612731	0.610085	0.148705	0.612688	0.000000	0.000000	0.000000
5.420000	0.610000	0.147404	0.612731	0.610085	0.148613	0.612690	0.000000	0.000000	0.000000
5.430000	0.610000	0.147279	0.612731	0.610085	0.148518	0.612692	0.000000	0.000000	0.000000
5.440000	0.610000	0.147152	0.612731	0.610084	0.148420	0.612694	0.000000	0.000000	0.000000
5.450000	0.610000	0.147022	0.612731	0.610084	0.148319	0.612695	0.000000	0.000000	0.000000
5.460000	0.610000	0.146889	0.612731	0.610083	0.148215	0.612696	0.000000	0.000000	0.000000
5.470000	0.610000	0.146753	0.612731	0.610083	0.148109	0.612698	0.000000	0.000000	0.000000
5.480000	0.610000	0.146615	0.612731	0.610082	0.147999	0.612699	0.000000	0.000000	0.000000
5.490000	0.610000	0.146473	0.612731	0.610082	0.147887	0.612700	0.000000	0.000000	0.000000
5.500000	0.610000	0.146329	0.612731	0.610081	0.147772	0.612700	0.000000	0.000000	0.000000
5.510000	0.610000	0.146182	0.612731	0.610081	0.147653	0.612701	0.000000	0.000000	0.000000
5.520000	0.610000	0.146032	0.612731	0.610081	0.147533	0.612701	0.000000	0.000000	0.000000
5.530000	0.610000	0.145880	0.612731	0.610080	0.147409	0.612702	0.000000	0.000000	0.000000
5.540000	0.610000	0.145724	0.612731	0.610080	0.147282	0.612702	0.000000	0.000000	0.000000
5.550000	0.610000	0.145566	0.612731	0.610079	0.147153	0.612702	0.000000	0.000000	0.000000
5.560000	0.610000	0.145405	0.612731	0.610079	0.147021	0.612703	0.000000	0.000000	0.000000
5.570000	0.610000	0.145241	0.612731	0.610078	0.146885	0.612703	0.000000	0.000000	0.000000
5.580000	0.610000	0.145075	0.612731	0.610078	0.146747	0.612703	0.000000	0.000000	0.000000
5.590000	0.610000	0.144905	0.612731	0.610078	0.146607	0.612703	0.000000	0.000000	0.000000
5.600000	0.610000	0.144733	0.612731	0.610077	0.146463	0.612703	0.000000	0.000000	0.000000
5.610000	0.610000	0.144558	0.612731	0.610077	0.146317	0.612703	0.000000	0.000000	0.000000
5.620000	0.610000	0.144381	0.612731	0.610076	0.146167	0.612703	0.000000	0.000000	0.000000
5.630000	0.610000	0.144200	0.612731	0.610076	0.146015	0.612703	0.000000	0.000000	0.000000
5.640000	0.610000	0.144017	0.612731	0.610076	0.145860	0.612704	0.000000	0.000000	0.000000
5.650000	0.610000	0.143832	0.612731	0.610075	0.145703	0.612704	0.000000	0.000000	0.000000
5.660000	0.610000	0.143643	0.612731	0.610075	0.145542	0.612704	0.000000	0.000000	0.000000
5.670000	0.610000	0.143452	0.612731	0.610075	0.145379	0.612704	0.000000	0.000000	0.000000
5.680000	0.610000	0.143258	0.612731	0.610074	0.145213	0.612704	0.000000	0.000000	0.000000
5.690000	0.610000	0.143061	0.612731	0.610074	0.145044	0.612704	0.000000	0.000000	0.000000
5.700000	0.610000	0.142862	0.612731	0.610074	0.144873	0.612705	0.000000	0.000000	0.000000
5.710000	0.610000	0.142660	0.612731	0.610073	0.144698	0.612705	0.000000	0.000000	0.000000
5.720000	0.610000	0.142455	0.612731	0.610073	0.144521	0.612705	0.000000	0.000000	0.000000
5.730000	0.610000	0.142248	0.612731	0.610072	0.144341	0.612705	0.000000	0.000000	0.000000
5.740000	0.610000	0.142038	0.612731	0.610072	0.144159	0.612706	0.000000	0.000000	0.000000
5.750000	0.610000	0.141825	0.612731	0.610072	0.143973	0.612706	0.000000	0.000000	0.000000
5.760000	0.610000	0.141610	0.612731	0.610071	0.143785	0.612707	0.000000	0.000000	0.000000
5.770000	0.610000	0.141392	0.612731	0.610071	0.143594	0.612707	0.000000	0.000000	0.000000
5.780000	0.610000	0.141172	0.612731	0.610071	0.143401	0.612708	0.000000	0.000000	0.000000
5.790000	0.610000	0.140949	0.612731	0.610070	0.143205	0.612708	0.000000	0.000000	0.000000
5.800000	0.610000	0.140723	0.612731	0.610070	0.143006	0.612709	0.000000	0.000000	0.000000
5.810000	0.610000	0.140495	0.612731	0.610070	0.142804	0.612709	0.000000	0.000000	0.000000
5.820000	0.610000	0.140264	0.612731	0.610069	0.142600	0.612710	0.000000	0.000000	0.000000
5.830000	0.610000	0.140030	0.612731	0.610069	0.142393	0.612710	0.000000	0.000000	0.000000
5.840000	0.610000	0.139794	0.612731	0.610069	0.142183	0.612711	0.000000	0.000000	0.000000
5.850000	0.610000	0.139556	0.612731	0.610068	0.141971	0.612712	0.000000	0.000000	0.000000
5.860000	0.610000	0.139314	0.612731	0.610068	0.141756	0.612712	0.000000	0.000000	0.000000
5.870000	0.610000	0.139071	0.612731	0.610068	0.141539	0.612713	0.000000	0.000000	0.000000
5.880000	0.610000	0.138825	0.612731	0.610067	0.141319	0.612714	0.000000	0.000000	0.000000
5.890000	0.610000	0.138576	0.612731	0.610067	0.141096	0.612714	0.000000	0.000000	0.000000
5.900000	0.610000	0.138325	0.612731	0.610067	0.140870	0.612715	0.000000	0.000000	0.000000
5.910000	0.610000	0.138071	0.612731	0.610066	0.140642	0.612716	0.000000	0.000000	0.000000
5.920000	0.610000	0.137815	0.612731	0.610066	0.140412	0.612717	0.000000	0.000000	0.000000
5.930000	0.610000	0.137556	0.612731	0.610065	0.140179	0.612717	0.000000	0.000000	0.000000
5.940000	0.610000	0.137295	0.612731	0.610065	0.139943	0.612718	0.000000	0.000000	0.000000
5.950000	0.610000	0.137031	0.612731	0.610065	0.139705	0.612719	0.000000	0.000000	0.000000
5.960000	0.610000	0.136765	0.612731	0.610064	0.139464	0.612719	0.000000	0.000000	0.000000
5.970000	0.610000	0.136496	0.612731	0.610064	0.139220	0.612720	0.000000	0.000000	0.000000
5.980000	0.610000	0.136225	0.612731	0.610063	0.138974	0.612721	0.000000	0.000000	0.000000
5.990000	0.610000	0.135952	0.612731	0.610063	0.138726	0.612722	0.000000	0.000000	0.000000
6.000000	0.610000	0.135676	0.612731	0.610063	0.138475	0.612722	0.000000	0.000000	0.000000
6.010000	0.610000	0.135398	0.612731	0.610062	0.138221	0.612723	0.000000	0.000000	0.000000
6.020000	0.610000	0.135118	0.612731	0.610062	0.137966	0.612724	0.000000	0.000000	0.000000
6.030000	0.610000	0.134835	0.612731	0.610061	0.137707	0.612724	0.000000	0.000000	0.000000
6.040000	0.610000	0.134549	0.612731	0.610061	0.137446	0.612725	0.000000	0.000000	0.000000
6.050000	0.610000	0.134262	0.612731	0.610061	0.137183	0.612726	0.000000	0.000000	0.000000
6.060000	0.610000	0.133972	0.612731	0.610060	0.136917	0.612727	0.000000	0.000000	0.000000
6.070000	0.610000	0.133679	0.612731	0.610060	0.136649	0.612727	0.000000	0.000000	0.000000
6.080000	0.610000	0.133385	0.612731	0.610059	0.136378	0.612728	0.000000	0.000000	0.000000
6.090000	0.610000	0.133088	0.612731	0.610059	0.136105	0.612729	0.000000	0.000000	0.000000
6.100000	0.610000	0.132788	0.612731	0.610058	0.135829	0.612729	0.000000	0.000000	0.000000
6.110000	0.610000	0.132487	0.612731	0.610058	0.135551	0.612730	0.000000	0.000000	0.000000
6.120000	0.610000	0.132183	0.612731	0.610058	0.135271	0.612731	0.000000	0.000000	0.000000
6.130000	0.610000	0.131877	0.612731	0.610057	0.134988	0.612731	0.000000	0.000000	0.000000
6.140000	0.610000	0.131569	0.612731	0.610057	0.134703	0.612732	0.000000	0.000000	0.000000
6.150000	0.610000	0.131258	0.612731	0.610056	0.134416	0.612732	0.000000	0.000000	0.000000
6.160000	0.610000	0.130946	0.612731	0.610056	0.134126	0.612733	0.000000	0.000000	0.000000
6.170000	0.610000	0.130631	0.612731	0.610055	0.133834	0.612734	0.000000	0.000000	0.000000
6.180000	0.610000	0.130313	0.612731	0.610055	0.133539	0.612734	0.000000	0.000000	0.000000
6.190000	0.610000	0.129994	0.612731	0.610054	0.133243	0.612735	0.000000	0.000000	0.000000
6.200000	0.610000	0.129673	0.612731	0.610054	0.132944	0.612735	0.000000	0.000000	0.000000
6.210000	0.610000	0.129349	0.612731	0.610053	0.132642	0.612736	0.000000	0.000000	0.000000
6.220000	0.610000	0.129023	0.612731	0.610053	0.132339	0.612737	0.000000	0.000000	0.000000
6.230000	0.610000	0.128695	0.612731	0.610052	0.132033	0.612737	0.000000	0.000000	0.000000
6.240000	0.610000	0.128365	0.612731	0.610052	0.131725	0.612738	0.000000	0.000000	0.000000
6.250000	0.610000	0.128033	0.612731	0.610052	0.131415	0.612738	0.000000	0.000000	0.000000
6.260000	0.610000	0.127699	0.612731	0.610051	0.131102	0.612739	0.000000	0.000000	0.000000
6.270000	0.610000	0.127362	0.612731	0.610051	0.130787	0.612739	0.000000	0.000000	0.000000
6.280000	0.610000	0.127024	0.612731	0.610050	0.130470	0.612740	0.000000	0.000000	0.000000
6.290000	0.610000	0.126684	0.612731	0.610050	0.130151	0.612740	0.000000	0.000000	0.000000
6.300000	0.610000	0.126341	0.612731	0.610049	0.129830	0.612741	0.000000	0.000000	0.000000
6.310000	0.610000	0.125997	0.612731	0.610049	0.129506	0.612741	0.000000	0.000000	0.000000
6.320000	0.610000	0.125650	0.612731	0.610048	0.129181	0.612742	0.000000	0.000000	0.000000
6.330000	0.610000	0.125301	0.612731	0.610048	0.128853	0.612742	0.000000	0.000000	0.000000
6.340000	0.610000	0.124951	0.612731	0.610047	0.128523	0.612743	0.000000	0.000000	0.000000
6.350000	0.610000	0.124598	0.612731	0.610047	0.128191	0.612743	0.000000	0.000000	0.000000
6.360000	0.610000	0.124244	0.612731	0.610046	0.127857	0.612744	0.000000	0.000000	0.000000
6.370000	0.610000	0.123888	0.612731	0.610046	0.127521	0.612744	0.000000	0.000000	0.000000
6.380000	0.610000	0.123529	0.612731	0.610045	0.127182	0.612745	0.000000	0.000000	0.000000
6.390000	0.610000	0.123169	0.612731	0.610045	0.126842	0.612745	0.000000	0.000000	0.000000
6.400000	0.610000	0.122807	0.612731	0.610044	0.126500	0.612746	0.000000	0.000000	0.000000
6.410000	0.610000	0.122443	0.612731	0.610043	0.126155	0.612746	0.000000	0.000000	0.000000
6.420000	0.610000	0.122077	0.612731	0.610043	0.125809	0.612747	0.000000	0.000000	0.000000
6.430000	0.610000	0.121709	0.612731	0.610042	0.125460	0.612747	0.000000	0.000000	0.000000
6.440000	0.610000	0.121339	0.612731	0.610042	0.125110	0.612748	0.000000	0.000000	0.000000
6.450000	0.610000	0.120968	0.612731	0.610041	0.124758	0.612748	0.000000	0.000000	0.000000
6.460000	0.610000	0.120595	0.612731	0.610041	0.124403	0.612749	0.000000	0.000000	0.000000
6.470000	0.610000	0.120220	0.612731	0.610040	0.124047	0.612749	0.000000	0.000000	0.000000
6.480000	0.610000	0.119843	0.612731	0.610040	0.123689	0.612749	0.000000	0.000000	0.000000
6.490000	0.610000	0.119464	0.612731	0.610039	0.123328	0.612750	0.000000	0.000000	0.000000
6.500000	0.610000	0.119084	0.612731	0.610039	0.122966	0.612750	0.000000	0.000000	0.000000
6.510000	0.610000	0.118702	0.612731	0.610038	0.122602	0.612751	0.000000	0.000000	0.000000
6.520000	0.610000	0.118318	0.612731	0.610038	0.122237	0.612751	0.000000	0.000000	0.000000
6.530000	0.610000	0.117932	0.612731	0.610037	0.121869	0.612752	0.000000	0.000000	0.000000
6.540000	0.610000	0.117545	0.612731	0.610036	0.121499	0.612752	0.000000	0.000000	0.000000
6.550000	0.610000	0.117156	0.612731	0.610036	0.121128	0.612752	0.000000	0.000000	0.000000
6.560000	0.610000	0.116766	0.612731	0.610035	0.120755	0.612753	0.000000	0.000000	0.000000
6.570000	0.610000	0.116373	0.612731	0.610035	0.120380	0.612753	0.000000	0.000000	0.000000
6.580000	0.610000	0.115980	0.612731	0.610034	0.120003	0.612754	0.000000	0.000000	0.000000
6.590000	0.610000	0.115584	0.612731	0.610034	0.119624	0.612754	0.000000	0.000000	0.000000
6.600000	0.610000	0.115187	0.612731	0.610033	0.119244	0.612754	0.000000	0.000000	0.000000
6.610000	0.610000	0.114788	0.612731	0.610033	0.118862	0.612755	0.000000	0.000000	0.000000
6.620000	0.610000	0.114388	0.612731	0.610032	0.118478	0.612755	0.000000	0.000000	0.000000
6.630000	0.610000	0.113986	0.612731	0.610031	0.118093	0.612755	0.000000	0.000000	0.000000
6.640000	0.610000	0.113583	0.612731	0.610031	0.117705	0.612756	0.000000	0.000000	0.000000
6.650000	0.610000	0.113178	0.612731	0.610030	0.117316	0.612756	0.000000	0.000000	0.000000
6.660000	0.610000	0.112772	0.612731	0.610030	0.116926	0.612756	0.000000	0.000000	0.000000
6.670000	0.610000	0.112364	0.612731	0.610029	0.116534	0.612757	0.000000	0.000000	0.000000
6.680000	0.610000	0.111955	0.612731	0.610029	0.116140	0.612757	0.000000	0.000000	0.000000
6.690000	0.610000	0.111544	0.612731	0.610028	0.115744	0.612757	0.000000	0.000000	0.000000
6.700000	0.610000	0.111132	0.612731	0.610027	0.115347	0.612758	0.000000	0.000000	0.000000
6.710000	0.610000	0.110718	0.612731	0.610027	0.114949	0.612758	0.000000	0.000000	0.000000
6.720000	0.610000	0.110303	0.612731	0.610026	0.114548	0.612758	0.000000	0.000000	0.000000
6.730000	0.610000	0.109886	0.612731	0.610026	0.114146	0.612759	0.000000	0.000000	0.000000
6.740000	0.610000	0.109468	0.612731	0.610025	0.113743	0.612759	0.000000	0.000000	0.000000
6.750000	0.610000	0.109049	0.612731	0.610025	0.113338	0.612759	0.000000	0.000000	0.000000
6.760000	0.610000	0.108629	0.612731	0.610024	0.112932	0.612760	0.000000	0.000000	0.000000
6.770000	0.610000	0.108207	0.612731	0.610023	0.112524	0.612760	0.000000	0.000000	0.000000
6.780000	0.610000	0.107784	0.612731	0.610023	0.112114	0.612760	0.000000	0.000000	0.000000
6.790000	0.610000	0.107359	0.612731	0.610022	0.111704	0.612760	0.000000	0.000000	0.000000
6.800000	0.610000	0.106933	0.612731	0.610022	0.111291	0.612761	0.000000	0.000000	0.000000
6.810000	0.610000	0.106506	0.612731	0.610021	0.110878	0.612761	0.000000	0.000000	0.000000
6.820000	0.610000	0.106078	0.612731	0.610021	0.110462	0.612761	0.000000	0.000000	0.000000
6.830000	0.610000	0.105649	0.612731	0.610020	0.110046	0.612761	0.000000	0.000000	0.000000
6.840000	0.610000	0.105218	0.612731	0.610019	0.109628	0.612762	0.000000	0.000000	0.000000
6.850000	0.610000	0.104786	0.612731	0.610019	0.109209	0.612762	0.000000	0.000000	0.000000
6.860000	0.610000	0.104353	0.612731	0.610018	0.108788	0.612762	0.000000	0.000000	0.000000
6.870000	0.610000	0.103919	0.612731	0.610018	0.108366	0.612762	0.000000	0.000000	0.000000
6.880000	0.610000	0.103483	0.612731	0.610017	0.107943	0.612763	0.000000	0.000000	0.000000
6.890000	0.610000	0.103047	0.612731	0.610016	0.107518	0.612763	0.000000	0.000000	0.000000
6.900000	0.610000	0.102609	0.612731	0.610016	0.107092	0.612763	0.000000	0.000000	0.000000
6.910000	0.610000	0.102171	0.612731	0.610015	0.106665	0.612763	0.000000	0.000000	0.000000
6.920000	0.610000	0.101731	0.612731	0.610015	0.106237	0.612763	0.000000	0.000000	0.000000
6.930000	0.610000	0.101290	0.612731	0.610014	0.105807	0.612764	0.000000	0.000000	0.000000
6.940000	0.610000	0.100848	0.612731	0.610014	0.105376	0.612764	0.000000	0.000000	0.000000
6.950000	0.610000	0.100405	0.612731	0.610013	0.104944	0.612764	0.000000	0.000000	0.000000
6.960000	0.610000	0.099961	0.612731	0.610012	0.104511	0.612764	0.000000	0.000000	0.000000
6.970000	0.610000	0.099517	0.612731	0.610012	0.104077	0.612764	0.000000	0.000000	0.000000
6.980000	0.610000	0.099071	0.612731	0.610011	0.103641	0.612764	0.000000	0.000000	0.000000
6.990000	0.610000	0.098624	0.612731	0.610011	0.103204	0.612764	0.000000	0.000000	0.000000
7.000000	0.610000	0.098176	0.612731	0.610010	0.102767	0.612765	0.000000	0.000000	0.000000
7.010000	0.610000	0.097728	0.612731	0.610009	0.102328	0.612765	0.000000	0.000000	0.000000
7.020000	0.610000	0.097278	0.612731	0.610009	0.101888	0.612765	0.000000	0.000000	0.000000
7.030000	0.610000	0.096828	0.612731	0.610008	0.101447	0.612765	0.000000	0.000000	0.000000
7.040000	0.610000	0.096376	0.612731	0.610008	0.101005	0.612765	0.000000	0.000000	0.000000
7.050000	0.610000	0.095924	0.612731	0.610007	0.100562	0.612765	0.000000	0.000000	0.000000
7.060000	0.610000	0.095471	0.612731	0.610007	0.100118	0.612765	0.000000	0.000000	0.000000
7.070000	0.610000	0.095018	0.612731	0.610006	0.099673	0.612765	0.000000	0.000000	0.000000
7.080000	0.610000	0.094563	0.612731	0.610005	0.099227	0.612766	0.000000	0.000000	0.000000
7.090000	0.610000	0.094108	0.612731	0.610005	0.098780	0.612766	0.000000	0.000000	0.000000
7.100000	0.610000	0.093652	0.612731	0.610004	0.098332	0.612766	0.000000	0.000000	0.000000
7.110000	0.610000	0.093195	0.612731	0.610004	0.097883	0.612766	0.000000	0.000000	0.000000
7.120000	0.610000	0.092737	0.612731	0.610003	0.097433	0.612766	0.000000	0.000000	0.000000
7.130000	0.610000	0.092279	0.612731	0.610003	0.096982	0.612766	0.000000	0.000000	0.000000
7.140000	0.610000	0.091820	0.612731	0.610002	0.096531	0.612766	0.000000	0.000000	0.000000
7.150000	0.610000	0.091361	0.612731	0.610001	0.096078	0.612766	0.000000	0.000000	0.000000
7.160000	0.610000	0.090901	0.612731	0.610001	0.095625	0.612766	0.000000	0.000000	0.000000
7.170000	0.610000	0.090440	0.612731	0.610000	0.095171	0.612766	0.000000	0.000000	0.000000
7.180000	0.610000	0.089978	0.612731	0.610000	0.094716	0.612766	0.000000	0.000000	0.000000
7.190000	0.610000	0.089516	0.612731	0.609999	0.094261	0.612766	0.000000	0.000000	0.000000
7.200000	0.610000	0.089054	0.612731	0.609999	0.093804	0.612766	0.000000	0.000000	0.000000
7.210000	0.610000	0.088590	0.612731	0.609998	0.093347	0.612766	0.000000	0.000000	0.000000
7.220000	0.610000	0.088127	0.612731	0.609998	0.092890	0.612766	0.000000	0.000000	0.000000
7.230000	0.610000	0.087663	0.612731	0.609997	0.092431	0.612766	0.000000	0.000000	0.000000
7.240000	0.610000	0.087198	0.612731	0.609996	0.091972	0.612766	0.000000	0.000000	0.000000
7.250000	0.610000	0.086733	0.612731	0.609996	0.091512	0.612766	0.000000	0.000000	0.000000
7.260000	0.610000	0.086267	0.612731	0.609995	0.091051	0.612766	0.000000	0.000000	0.000000
7.270000	0.610000	0.085801	0.612731	0.609995	0.090590	0.612766	0.000000	0.000000	0.000000
7.280000	0.610000	0.085334	0.612731	0.609994	0.090129	0.612766	0.000000	0.000000	0.000000
7.290000	0.610000	0.084867	0.612731	0.609994	0.089666	0.612766	0.000000	0.000000	0.000000
7.300000	0.610000	0.084400	0.612731	0.609993	0.089203	0.612766	0.000000	0.000000	0.000000
7.310000	0.610000	0.083932	0.612731	0.609993	0.088740	0.612766	0.000000	0.000000	0.000000
7.320000	0.610000	0.083464	0.612731	0.609992	0.088276	0.612766	0.000000	0.000000	0.000000
7.330000	0.610000	0.082996	0.612731	0.609992	0.087811	0.612766	0.000000	0.000000	0.000000
7.340000	0.610000	0.082527	0.612731	0.609991	0.087346	0.612766	0.000000	0.000000	0.000000
7.350000	0.610000	0.082058	0.612731	0.609991	0.086880	0.612766	0.000000	0.000000	0.000000
7.360000	0.610000	0.081589	0.612731	0.609990	0.086414	0.612766	0.000000	0.000000	0.000000
7.370000	0.610000	0.081119	0.612731	0.609990	0.085948	0.612766	0.000000	0.000000	0.000000
7.380000	0.610000	0.080650	0.612731	0.609989	0.085481	0.612766	0.000000	0.000000	0.000000
7.390000	0.610000	0.080180	0.612731	0.609989	0.085014	0.612766	0.000000	0.000000	0.000000
7.400000	0.610000	0.079709	0.612731	0.609988	0.084546	0.612766	0.000000	0.000000	0.000000
7.410000	0.610000	0.079239	0.612731	0.609988	0.084078	0.612766	0.000000	0.000000	0.000000
7.420000	0.610000	0.078768	0.612731	0.609987	0.083609	0.612766	0.000000	0.000000	0.000000
7.430000	0.610000	0.078298	0.612731	0.609987	0.083141	0.612766	0.000000	0.000000	0.000000
7.440000	0.610000	0.077827	0.612731	0.609986	0.082671	0.612766	0.000000	0.000000	0.000000
7.450000	0.610000	0.077356	0.612731	0.609986	0.082202	0.612765	0.000000	0.000000	0.000000
7.460000	0.610000	0.076885	0.612731	0.609985	0.081732	0.612765	0.000000	0.000000	0.000000
7.470000	0.610000	0.076414	0.612731	0.609985	0.081262	0.612765	0.000000	0.000000	0.000000
7.480000	0.610000	0.075942	0.612731	0.609984	0.080792	0.612765	0.000000	0.000000	0.000000
7.490000	0.610000	0.075471	0.612731	0.609984	0.080322	0.612765	0.000000	0.000000	0.000000
7.500000	0.610000	0.075000	0.612731	0.609983	0.079851	0.612765	0.000000	0.000000	0.000000
7.510000	0.610000	0.074529	0.612731	0.609983	0.079380	0.612765	0.000000	0.000000	0.000000
7.520000	0.610000	0.074058	0.612731	0.609982	0.078909	0.612765	0.000000	0.000000	0.000000
7.530000	0.610000	0.073586	0.612731	0.609982	0.078438	0.612765	0.000000	0.000000	0.000000
7.540000	0.610000	0.073115	0.612731	0.609981	0.077967	0.612765	0.000000	0.000000	0.000000
7.550000	0.610000	0.072644	0.612731	0.609981	0.077495	0.612764	0.000000	0.000000	0.000000
7.560000	0.610000	0.072173	0.612731	0.609980	0.077024	0.612764	0.000000	0.000000	0.000000
7.570000	0.610000	0.071702	0.612731	0.609980	0.076552	0.612764	0.000000	0.000000	0.000000
7.580000	0.610000	0.071232	0.612731	0.609979	0.076080	0.612764	0.000000	0.000000	0.000000
7.590000	0.610000	0.070761	0.612731	0.609979	0.075609	0.612764	0.000000	0.000000	0.000000
7.600000	0.610000	0.070291	0.612731	0.609979	0.075137	0.612764	0.000000	0.000000	0.000000
7.610000	0.610000	0.069820	0.612731	0.609978	0.074665	0.612764	0.000000	0.000000	0.000000
7.620000	0.610000	0.069350	0.612731	0.609978	0.074193	0.612763	0.000000	0.000000	0.000000
7.630000	0.610000	0.068881	0.612731	0.609977	0.073722	0.612763	0.000000	0.000000	0.000000
7.640000	0.610000	0.068411	0.612731	0.609977	0.073250	0.612763	0.000000	0.000000	0.000000
7.650000	0.610000	0.067942	0.612731	0.609976	0.072778	0.612763	0.000000	0.000000	0.000000
7.660000	0.610000	0.067473	0.612731	0.609976	0.072307	0.612763	0.000000	0.000000	0.000000
7.670000	0.610000	0.067004	0.612731	0.609976	0.071836	0.612763	0.000000	0.000000	0.000000
7.680000	0.610000	0.066536	0.612731	0.609975	0.071364	0.612762	0.000000	0.000000	0.000000
7.690000	0.610000	0.066068	0.612731	0.609975	0.070893	0.612762	0.000000	0.000000	0.000000
7.700000	0.610000	0.065600	0.612731	0.609974	0.070422	0.612762	0.000000	0.000000	0.000000
7.710000	0.610000	0.065133	0.612731	0.609974	0.069951	0.612762	0.000000	0.000000	0.000000
7.720000	0.610000	0.064666	0.612731	0.609974	0.069481	0.612762	0.000000	0.000000	0.000000
7.730000	0.610000	0.064199	0.612731	0.609973	0.069011	0.612762	0.000000	0.000000	0.000000
7.740000	0.610000	0.063733	0.612731	0.609973	0.068540	0.612761	0.000000	0.000000	0.000000
7.750000	0.610000	0.063267	0.612731	0.609973	0.068071	0.612761	0.000000	0.000000	0.000000
7.760000	0.610000	0.062802	0.612731	0.609972	0.067601	0.612761	0.000000	0.000000	0.000000
7.770000	0.610000	0.062337	0.612731	0.609972	0.067132	0.612761	0.000000	0.000000	0.000000
7.780000	0.610000	0.061873	0.612731	0.609971	0.066663	0.612761	0.000000	0.000000	0.000000
7.790000	0.610000	0.061410	0.612731	0.609971	0.066194	0.612760	0.000000	0.000000	0.000000
7.800000	0.610000	0.060946	0.612731	0.609971	0.065726	0.612760	0.000000	0.000000	0.000000
7.810000	0.610000	0.060484	0.612731	0.609970	0.065258	0.612760	0.000000	0.000000	0.000000
7.820000	0.610000	0.060022	0.612731	0.609970	0.064790	0.612760	0.000000	0.000000	0.000000
7.830000	0.610000	0.059560	0.612731	0.609970	0.064323	0.612760	0.000000	0.000000	0.000000
7.840000	0.610000	0.059099	0.612731	0.609969	0.063856	0.612759	0.000000	0.000000	0.000000
7.850000	0.610000	0.058639	0.612731	0.609969	0.063390	0.612759	0.000000	0.000000	0.000000
7.860000	0.610000	0.058180	0.612731	0.609969	0.062924	0.612759	0.000000	0.000000	0.000000
7.870000	0.610000	0.057721	0.612731	0.609968	0.062459	0.612759	0.000000	0.000000	0.000000
7.880000	0.610000	0.057263	0.612731	0.609968	0.061994	0.612758	0.000000	0.000000	0.000000
7.890000	0.610000	0.056805	0.612731	0.609968	0.061530	0.612758	0.000000	0.000000	0.000000
7.900000	0.610000	0.056348	0.612731	0.609968	0.061066	0.612758	0.000000	0.000000	0.000000
7.910000	0.610000	0.055892	0.612731	0.609967	0.060602	0.612758	0.000000	0.000000	0.000000
7.920000	0.610000	0.055437	0.612731	0.609967	0.060140	0.612758	0.000000	0.000000	0.000000
7.930000	0.610000	0.054982	0.612731	0.609967	0.059678	0.612757	0.000000	0.000000	0.000000
7.940000	0.610000	0.054529	0.612731	0.609966	0.059216	0.612757	0.000000	0.000000	0.000000
7.950000	0.610000	0.054076	0.612731	0.609966	0.058755	0.612757	0.000000	0.000000	0.000000
7.960000	0.610000	0.053624	0.612731	0.609966	0.058295	0.612757	0.000000	0.000000	0.000000
7.970000	0.610000	0.053172	0.612731	0.609966	0.057835	0.612756	0.000000	0.000000	0.000000
7.980000	0.610000	0.052722	0.612731	0.609965	0.057376	0.612756	0.000000	0.000000	0.000000
7.990000	0.610000	0.052272	0.612731	0.609965	0.056918	0.612756	0.000000	0.000000	0.000000
8.000000	0.610000	0.051824	0.612731	0.609965	0.056461	0.612756	0.000000	0.000000	0.000000
8.010000	0.610000	0.051376	0.612731	0.609965	0.056004	0.612755	0.000000	0.000000	0.000000
8.020000	0.610000	0.050929	0.612731	0.609964	0.055548	0.612755	0.000000	0.000000	0.000000
8.030000	0.610000	0.050483	0.612731	0.609964	0.055093	0.612755	0.000000	0.000000	0.000000
8.040000	0.610000	0.050039	0.612731	0.609964	0.054638	0.612755	0.000000	0.000000	0.000000
8.050000	0.610000	0.049595	0.612731	0.609964	0.054185	0.612755	0.000000	0.000000	0.000000
8.060000	0.610000	0.049152	0.612731	0.609963	0.053732	0.612754	0.000000	0.000000	0.000000
8.070000	0.610000	0.048710	0.612731	0.609963	0.053280	0.612754	0.000000	0.000000	0.000000
8.080000	0.610000	0.048269	0.612731	0.609963	0.052829	0.612754	0.000000	0.000000	0.000000
8.090000	0.610000	0.047829	0.612731	0.609963	0.052378	0.612754	0.000000	0.000000	0.000000
8.100000	0.610000	0.047391	0.612731	0.609963	0.051929	0.612753	0.000000	0.000000	0.000000
8.110000	0.610000	0.046953	0.612731	0.609962	0.051480	0.612753	0.000000	0.000000	0.000000
8.120000	0.610000	0.046517	0.612731	0.609962	0.051033	0.612753	0.000000	0.000000	0.000000
8.130000	0.610000	0.046081	0.612731	0.609962	0.050586	0.612753	0.000000	0.000000	0.000000
8.140000	0.610000	0.045647	0.612731	0.609962	0.050141	0.612752	0.000000	0.000000	0.000000
8.150000	0.610000	0.045214	0.612731	0.609962	0.049696	0.612752	0.000000	0.000000	0.000000
8.160000	0.610000	0.044782	0.612731	0.609962	0.049252	0.612752	0.000000	0.000000	0.000000
8.170000	0.610000	0.044351	0.612731	0.609961	0.048810	0.612752	0.000000	0.000000	0.000000
8.180000	0.610000	0.043922	0.612731	0.609961	0.048368	0.612751	0.000000	0.000000	0.000000
8.190000	0.610000	0.043494	0.612731	0.609961	0.047928	0.612751	0.000000	0.000000	0.000000
8.200000	0.610000	0.043067	0.612731	0.609961	0.047488	0.612751	0.000000	0.000000	0.000000
8.210000	0.610000	0.042641	0.612731	0.609961	0.047050	0.612751	0.000000	0.000000	0.000000
8.220000	0.610000	0.042216	0.612731	0.609961	0.046612	0.612750	0.000000	0.000000	0.000000
8.230000	0.610000	0.041793	0.612731	0.609961	0.046176	0.612750	0.000000	0.000000	0.000000
8.240000	0.610000	0.041371	0.612731	0.609960	0.045741	0.612750	0.000000	0.000000	0.000000
8.250000	0.610000	0.040951	0.612731	0.609960	0.045307	0.612750	0.000000	0.000000	0.000000
8.260000	0.610000	0.040532	0.612731	0.609960	0.044875	0.612749	0.000000	0.000000	0.000000
8.270000	0.610000	0.040114	0.612731	0.609960	0.044443	0.612749	0.000000	0.000000	0.000000
8.280000	0.610000	0.039697	0.612731	0.609960	0.044013	0.612749	0.000000	0.000000	0.000000
8.290000	0.610000	0.039282	0.612731	0.609960	0.043584	0.612749	0.000000	0.000000	0.000000
8.300000	0.610000	0.038868	0.612731	0.609960	0.043156	0.612748	0.000000	0.000000	0.000000
8.310000	0.610000	0.038456	0.612731	0.609960	0.042729	0.612748	0.000000	0.000000	0.000000
8.320000	0.610000	0.038045	0.612731	0.609960	0.042304	0.612748	0.000000	0.000000	0.000000
8.330000	0.610000	0.037636	0.612731	0.609960	0.041880	0.612748	0.000000	0.000000	0.000000
8.340000	0.610000	0.037228	0.612731	0.609960	0.041457	0.612747	0.000000	0.000000	0.000000
8.350000	0.610000	0.036822	0.612731	0.609959	0.041036	0.612747	0.000000	0.000000	0.000000
8.360000	0.610000	0.036417	0.612731	0.609959	0.040616	0.612747	0.000000	0.000000	0.000000
8.370000	0.610000	0.036014	0.612731	0.609959	0.040197	0.612747	0.000000	0.000000	0.000000
8.380000	0.610000	0.035612	0.612731	0.609959	0.039780	0.612746	0.000000	0.000000	0.000000
8.390000	0.610000	0.035212	0.612731	0.609959	0.039364	0.612746	0.000000	0.000000	0.000000
8.400000	0.610000	0.034813	0.612731	0.609959	0.038949	0.612746	0.000000	0.000000	0.000000
8.410000	0.610000	0.034416	0.612731	0.609959	0.038536	0.612746	0.000000	0.000000	0.000000
8.420000	0.610000	0.034020	0.612731	0.609959	0.038125	0.612745	0.000000	0.000000	0.000000
8.430000	0.610000	0.033627	0.612731	0.609959	0.037715	0.612745	0.000000	0.000000	0.000000
8.440000	0.610000	0.033234	0.612731	0.609959	0.037306	0.612745	0.000000	0.000000	0.000000
8.450000	0.610000	0.032844	0.612731	0.609959	0.036899	0.612745	0.000000	0.000000	0.000000
8.460000	0.610000	0.032455	0.612731	0.609959	0.036493	0.612744	0.000000	0.000000	0.000000
8.470000	0.610000	0.032068	0.612731	0.609959	0.036089	0.612744	0.000000	0.000000	0.000000
8.480000	0.610000	0.031682	0.612731	0.609959	0.035686	0.612744	0.000000	0.000000	0.000000
8.490000	0.610000	0.031298	0.612731	0.609959	0.035285	0.612744	0.000000	0.000000	0.000000
8.500000	0.610000	0.030916	0.612731	0.609959	0.034885	0.612743	0.000000	0.000000	0.000000
8.510000	0.610000	0.030536	0.612731	0.609959	0.034487	0.612743	0.000000	0.000000	0.000000
8.520000	0.610000	0.030157	0.612731	0.609959	0.034091	0.612743	0.000000	0.000000	0.000000
8.530000	0.610000	0.029780	0.612731	0.609959	0.033696	0.612743	0.000000	0.000000	0.000000
8.540000	0.610000	0.029405	0.612731	0.609959	0.033303	0.612743	0.000000	0.000000	0.000000
8.550000	0.610000	0.029032	0.612731	0.609959	0.032912	0.612742	0.000000	0.000000	0.000000
8.560000	0.610000	0.028661	0.612731	0.609959	0.032522	0.612742	0.000000	0.000000	0.000000
8.570000	0.610000	0.028291	0.612731	0.609959	0.032134	0.612742	0.000000	0.000000	0.000000
8.580000	0.610000	0.027923	0.612731	0.609959	0.031747	0.612742	0.000000	0.000000	0.000000
8.590000	0.610000	0.027557	0.612731	0.609959	0.031362	0.612741	0.000000	0.000000	0.000000
8.600000	0.610000	0.027193	0.612731	0.609960	0.030979	0.612741	0.000000	0.000000	0.000000
8.610000	0.610000	0.026831	0.612731	0.609960	0.030598	0.612741	0.000000	0.000000	0.000000
8.620000	0.610000	0.026471	0.612731	0.609960	0.030219	0.612741	0.000000	0.000000	0.000000
8.630000	0.610000	0.026112	0.612731	0.609960	0.029841	0.612741	0.000000	0.000000	0.000000
8.640000	0.610000	0.025756	0.612731	0.609960	0.029465	0.612740	0.000000	0.000000	0.000000
8.650000	0.610000	0.025402	0.612731	0.609960	0.029091	0.612740	0.000000	0.000000	0.000000
8.660000	0.610000	0.025049	0.612731	0.609960	0.028718	0.612740	0.000000	0.000000	0.000000
8.670000	0.610000	0.024699	0.612731	0.609960	0.028348	0.612740	0.000000	0.000000	0.000000
8.680000	0.610000	0.024350	0.612731	0.609960	0.027979	0.612740	0.000000	0.000000	0.000000
8.690000	0.610000	0.024003	0.612731	0.609960	0.027612	0.612739	0.000000	0.000000	0.000000
8.700000	0.610000	0.023659	0.612731	0.609960	0.027247	0.612739	0.000000	0.000000	0.000000
8.710000	0.610000	0.023316	0.612731	0.609960	0.026884	0.612739	0.000000	0.000000	0.000000
8.720000	0.610000	0.022976	0.612731	0.609961	0.026523	0.612739	0.000000	0.000000	0.000000
8.730000	0.610000	0.022638	0.612731	0.609961	0.026164	0.612739	0.000000	0.000000	0.000000
8.740000	0.610000	0.022301	0.612731	0.609961	0.025806	0.612738	0.000000	0.000000	0.000000
8.750000	0.610000	0.021967	0.612731	0.609961	0.025451	0.612738	0.000000	0.000000	0.000000
8.760000	0.610000	0.021635	0.612731	0.609961	0.025097	0.612738	0.000000	0.000000	0.000000
8.770000	0.610000	0.021305	0.612731	0.609961	0.024746	0.612738	0.000000	0.000000	0.000000
8.780000	0.610000	0.020977	0.612731	0.609961	0.024396	0.612738	0.000000	0.000000	0.000000
8.790000	0.610000	0.020651	0.612731	0.609961	0.024049	0.612738	0.000000	0.000000	0.000000
8.800000	0.610000	0.020327	0.612731	0.609962	0.023703	0.612737	0.000000	0.000000	0.000000
8.810000	0.610000	0.020006	0.612731	0.609962	0.023360	0.612737	0.000000	0.000000	0.000000
8.820000	0.610000	0.019687	0.612731	0.609962	0.023019	0.612737	0.000000	0.000000	0.000000
8.830000	0.610000	0.019369	0.612731	0.609962	0.022679	0.612737	0.000000	0.000000	0.000000
8.840000	0.610000	0.019054	0.612731	0.609962	0.022342	0.612737	0.000000	0.000000	0.000000
8.850000	0.610000	0.018742	0.612731	0.609962	0.022007	0.612737	0.000000	0.000000	0.000000
8.860000	0.610000	0.018431	0.612731	0.609963	0.021674	0.612736	0.000000	0.000000	0.000000
8.870000	0.610000	0.018123	0.612731	0.609963	0.021343	0.612736	0.000000	0.000000	0.000000
8.880000	0.610000	0.017817	0.612731	0.609963	0.021014	0.612736	0.000000	0.000000	0.000000
8.890000	0.610000	0.017513	0.612731	0.609963	0.020687	0.612736	0.000000	0.000000	0.000000
8.900000	0.610000	0.017212	0.612731	0.609963	0.020362	0.612736	0.000000	0.000000	0.000000
8.910000	0.610000	0.016912	0.612731	0.609963	0.020040	0.612736	0.000000	0.000000	0.000000
8.920000	0.610000	0.016615	0.612731	0.609964	0.019720	0.612736	0.000000	0.000000	0.000000
8.930000	0.610000	0.016321	0.612731	0.609964	0.019401	0.612735	0.000000	0.000000	0.000000
8.940000	0.610000	0.016028	0.612731	0.609964	0.019085	0.612735	0.000000	0.000000	0.000000
8.950000	0.610000	0.015738	0.612731	0.609964	0.018772	0.612735	0.000000	0.000000	0.000000
8.960000	0.610000	0.015451	0.612731	0.609964	0.018460	0.612735	0.000000	0.000000	0.000000
8.970000	0.610000	0.015165	0.612731	0.609965	0.018151	0.612735	0.000000	0.000000	0.000000
8.980000	0.610000	0.014882	0.612731	0.609965	0.017844	0.612735	0.000000	0.000000	0.000000
8.990000	0.610000	0.014602	0.612731	0.609965	0.017539	0.612735	0.000000	0.000000	0.000000
9.000000	0.610000	0.014324	0.612731	0.609965	0.017237	0.612735	0.000000	0.000000	0.000000
9.010000	0.610000	0.014048	0.612731	0.609965	0.016937	0.612734	0.000000	0.000000	0.000000
9.020000	0.610000	0.013775	0.612731	0.609966	0.016639	0.612734	0.000000	0.000000	0.000000
9.030000	0.610000	0.013504	0.612731	0.609966	0.016343	0.612734	0.000000	0.000000	0.000000
9.040000	0.610000	0.013235	0.612731	0.609966	0.016050	0.612734	0.000000	0.000000	0.000000
9.050000	0.610000	0.012969	0.612731	0.609966	0.015759	0.612734	0.000000	0.000000	0.000000
9.060000	0.610000	0.012705	0.612731	0.609966	0.015470	0.612734	0.000000	0.000000	0.000000
9.070000	0.610000	0.012444	0.612731	0.609967	0.015184	0.612734	0.000000	0.000000	0.000000
9.080000	0.610000	0.012185	0.612731	0.609967	0.014900	0.612734	0.000000	0.000000	0.000000
9.090000	0.610000	0.011929	0.612731	0.609967	0.014618	0.612734	0.000000	0.000000	0.000000
9.100000	0.610000	0.011675	0.612731	0.609967	0.014339	0.612734	0.000000	0.000000	0.000000
9.110000	0.610000	0.011424	0.612731	0.609967	0.014062	0.612734	0.000000	0.000000	0.000000
9.120000	0.610000	0.011175	0.612731	0.609968	0.013788	0.612734	0.000000	0.000000	0.000000
9.130000	0.610000	0.010929	0.612731	0.609968	0.013516	0.612733	0.000000	0.000000	0.000000
9.140000	0.610000	0.010686	0.612731	0.609968	0.013247	0.612733	0.000000	0.000000	0.000000
9.150000	0.610000	0.010444	0.612731	0.609968	0.012980	0.612733	0.000000	0.000000	0.000000
9.160000	0.610000	0.010206	0.612731	0.609969	0.012715	0.612733	0.000000	0.000000	0.000000
9.170000	0.610000	0.009970	0.612731	0.609969	0.012453	0.612733	0.000000	0.000000	0.000000
9.180000	0.610000	0.009736	0.612731	0.609969	0.012193	0.612733	0.000000	0.000000	0.000000
9.190000	0.610000	0.009505	0.612731	0.609969	0.011936	0.612733	0.000000	0.000000	0.000000
9.200000	0.610000	0.009277	0.612731	0.609970	0.011681	0.612733	0.000000	0.000000	0.000000
9.210000	0.610000	0.009051	0.612731	0.609970	0.011429	0.612733	0.000000	0.000000	0.000000
9.220000	0.610000	0.008828	0.612731	0.609970	0.011179	0.612733	0.000000	0.000000	0.000000
9.230000	0.610000	0.008608	0.612731	0.609970	0.010932	0.612733	0.000000	0.000000	0.000000
9.240000	0.610000	0.008390	0.612731	0.609971	0.010687	0.612733	0.000000	0.000000	0.000000
9.250000	0.610000	0.008175	0.612731	0.609971	0.010445	0.612733	0.000000	0.000000	0.000000
9.260000	0.610000	0.007962	0.612731	0.609971	0.010206	0.612733	0.000000	0.000000	0.000000
9.270000	0.610000	0.007752	0.612731	0.609971	0.009969	0.612733	0.000000	0.000000	0.000000
9.280000	0.610000	0.007545	0.612731	0.609972	0.009734	0.612733	0.000000	0.000000	0.000000
9.290000	0.610000	0.007340	0.612731	0.609972	0.009502	0.612733	0.000000	0.000000	0.000000
9.300000	0.610000	0.007138	0.612731	0.609972	0.009273	0.612733	0.000000	0.000000	0.000000
9.310000	0.610000	0.006939	0.612731	0.609972	0.009046	0.612733	0.000000	0.000000	0.000000
9.320000	0.610000	0.006742	0.612731	0.609973	0.008822	0.612733	0.000000	0.000000	0.000000
9.330000	0.610000	0.006548	0.612731	0.609973	0.008601	0.612733	0.000000	0.000000	0.000000
9.340000	0.610000	0.006357	0.612731	0.609973	0.008382	0.612733	0.000000	0.000000	0.000000
9.350000	0.610000	0.006168	0.612731	0.609973	0.008166	0.612733	0.000000	0.000000	0.000000
9.360000	0.610000	0.005983	0.612731	0.609973	0.007952	0.612733	0.000000	0.000000	0.000000
9.370000	0.610000	0.005800	0.612731	0.609974	0.007741	0.612733	0.000000	0.000000	0.000000
9.380000	0.610000	0.005619	0.612731	0.609974	0.007533	0.612733	0.000000	0.000000	0.000000
9.390000	0.610000	0.005442	0.612731	0.609974	0.007327	0.612733	0.000000	0.000000	0.000000
9.400000	0.610000	0.005267	0.612731	0.609974	0.007124	0.612733	0.000000	0.000000	0.000000
9.410000	0.610000	0.005095	0.612731	0.609975	0.006924	0.612733	0.000000	0.000000	0.000000
9.420000	0.610000	0.004925	0.612731	0.609975	0.006726	0.612733	0.000000	0.000000	0.000000
9.430000	0.610000	0.004759	0.612731	0.609975	0.006531	0.612733	0.000000	0.000000	0.000000
9.440000	0.610000	0.004595	0.612731	0.609975	0.006339	0.612734	0.000000	0.000000	0.000000
9.450000	0.610000	0.004434	0.612731	0.609976	0.006150	0.612734	0.000000	0.000000	0.000000
9.460000	0.610000	0.004276	0.612731	0.609976	0.005963	0.612734	0.000000	0.000000	0.000000
9.470000	0.610000	0.004120	0.612731	0.609976	0.005779	0.612734	0.000000	0.000000	0.000000
9.480000	0.610000	0.003968	0.612731	0.609976	0.005598	0.612734	0.000000	0.000000	0.000000
9.490000	0.610000	0.003818	0.612731	0.609977	0.005419	0.612734	0.000000	0.000000	0.000000
9.500000	0.610000	0.003671	0.612731	0.609977	0.005243	0.612734	0.000000	0.000000	0.000000
9.510000	0.610000	0.003527	0.612731	0.609977	0.005070	0.612734	0.000000	0.000000	0.000000
9.520000	0.610000	0.003385	0.612731	0.609977	0.004900	0.612734	0.000000	0.000000	0.000000
9.530000	0.610000	0.003247	0.612731	0.609978	0.004732	0.612734	0.000000	0.000000	0.000000
9.540000	0.610000	0.003111	0.612731	0.609978	0.004568	0.612734	0.000000	0.000000	0.000000
9.550000	0.610000	0.002978	0.612731	0.609978	0.004406	0.612735	0.000000	0.000000	0.000000
9.560000	0.610000	0.002848	0.612731	0.609978	0.004247	0.612735	0.000000	0.000000	0.000000
9.570000	0.610000	0.002721	0.612731	0.609979	0.004090	0.612735	0.000000	0.000000	0.000000
9.580000	0.610000	0.002596	0.612731	0.609979	0.003937	0.612735	0.000000	0.000000	0.000000
9.590000	0.610000	0.002475	0.612731	0.609979	0.003786	0.612735	0.000000	0.000000	0.000000
9.600000	0.610000	0.002356	0.612731	0.609979	0.003638	0.612735	0.000000	0.000000	0.000000
9.610000	0.610000	0.002241	0.612731	0.609980	0.003493	0.612735	0.000000	0.000000	0.000000
9.620000	0.610000	0.002128	0.612731	0.609980	0.003350	0.612735	0.000000	0.000000	0.000000
9.630000	0.610000	0.002018	0.612731	0.609980	0.003211	0.612736	0.000000	0.000000	0.000000
9.640000	0.610000	0.001910	0.612731	0.609980	0.003074	0.612736	0.000000	0.000000	0.000000
9.650000	0.610000	0.001806	0.612731	0.609980	0.002940	0.612736	0.000000	0.000000	0.000000
9.660000	0.610000	0.001705	0.612731	0.609981	0.002809	0.612736	0.000000	0.000000	0.000000
9.670000	0.610000	0.001606	0.612731	0.609981	0.002681	0.612736	0.000000	0.000000	0.000000
9.680000	0.610000	0.001511	0.612731	0.609981	0.002556	0.612736	0.000000	0.000000	0.000000
9.690000	0.610000	0.001418	0.612731	0.609981	0.002433	0.612737	0.000000	0.000000	0.000000
9.700000	0.610000	0.001328	0.612731	0.609981	0.002314	0.612737	0.000000	0.000000	0.000000
9.710000	0.610000	0.001242	0.612731	0.609982	0.002197	0.612737	0.000000	0.000000	0.000000
9.720000	0.610000	0.001158	0.612731	0.609982	0.002083	0.612737	0.000000	0.000000	0.000000
9.730000	0.610000	0.001077	0.612731	0.609982	0.001973	0.612737	0.000000	0.000000	0.000000
9.740000	0.610000	0.000999	0.612731	0.609982	0.001864	0.612737	0.000000	0.000000	0.000000
9.750000	0.610000	0.000923	0.612731	0.609982	0.001759	0.612738	0.000000	0.000000	0.000000
9.760000	0.610000	0.000851	0.612731	0.609983	0.001657	0.612738	0.000000	0.000000	0.000000
9.770000	0.610000	0.000782	0.612731	0.609983	0.001558	0.612738	0.000000	0.000000	0.000000
9.780000	0.610000	0.000715	0.612731	0.609983	0.001461	0.612738	0.000000	0.000000	0.000000
9.790000	0.610000	0.000652	0.612731	0.609983	0.001368	0.612738	0.000000	0.000000	0.000000
9.800000	0.610000	0.000591	0.612731	0.609983	0.001277	0.612739	0.000000	0.000000	0.000000
9.810000	0.610000	0.000534	0.612731	0.609984	0.001189	0.612739	0.000000	0.000000	0.000000
9.820000	0.610000	0.000479	0.612731	0.609984	0.001104	0.612739	0.000000	0.000000	0.000000
9.830000	0.610000	0.000427	0.612731	0.609984	0.001022	0.612739	0.000000	0.000000	0.000000
9.840000	0.610000	0.000379	0.612731	0.609984	0.000943	0.612740	0.000000	0.000000	0.000000
9.850000	0.610000	0.000333	0.612731	0.609984	0.000867	0.612740	0.000000	0.000000	0.000000
9.860000	0.610000	0.000290	0.612731	0.609984	0.000794	0.612740	0.000000	0.000000	0.000000
9.870000	0.610000	0.000250	0.612731	0.609985	0.000724	0.612740	0.000000	0.000000	0.000000
9.880000	0.610000	0.000213	0.612731	0.609985	0.000657	0.612741	0.000000	0.000000	0.000000
9.890000	0.610000	0.000179	0.612731	0.609985	0.000592	0.612741	0.000000	0.000000	0.000000
9.900000	0.610000	0.000148	0.612731	0.609985	0.000531	0.612741	0.000000	0.000000	0.000000
9.910000	0.610000	0.000120	0.612731	0.609985	0.000472	0.612741	0.000000	0.000000	0.000000
9.920000	0.610000	0.000095	0.612731	0.609985	0.000417	0.612742	0.000000	0.000000	0.000000
9.930000	0.610000	0.000073	0.612731	0.609985	0.000364	0.612742	0.000000	0.000000	0.000000
9.940000	0.610000	0.000053	0.612731	0.609986	0.000315	0.612742	0.000000	0.000000	0.000000
9.950000	0.610000	0.000037	0.612731	0.609986	0.000268	0.612742	0.000000	0.000000	0.000000
9.960000	0.610000	0.000024	0.612731	0.609986	0.000224	0.612743	0.000000	0.000000	0.000000
9.970000	0.610000	0.000013	0.612731	0.609986	0.000183	0.612743	0.000000	0.000000	0.000000
9.980000	0.610000	0.000006	0.612731	0.609986	0.000146	0.612743	0.000000	0.000000	0.000000
9.990000	0.610000	0.000001	0.612731	0.609986	0.000111	0.612743	0.000000	0.000000	0.000000
10.000000	0.610000	0.000000	0.612731	0.609986	0.000079	0.612744	0.000000	0.000000	0.000000
