Time [s]	Pos_0_x [m]	Pos_0_y [m]	Pos_0_z [m]	Pos_x [m]	Pos_y [m]	Pos_z [m]	Force_x [N]	Force_y [N]	Force_z [N]
0.000000	0.610000	0.000000	0.612731	0.610000	0.000000	0.612731	0.000000	0.000000	0.000000
0.010000	0.610000	0.000001	0.612731	0.610000	0.000000	0.612731	0.000000	0.000000	0.000217
0.020000	0.610000	0.000006	0.612731	0.610000	0.000000	0.612731	0.000000	0.000000	0.000868
0.030000	0.610000	0.000013	0.612731	0.610000	0.000001	0.612731	0.000000	0.000000	0.001954
0.040000	0.610000	0.000024	0.612731	0.610000	0.000002	0.612731	0.000000	0.000000	0.003473
0.050000	0.610000	0.000037	0.612731	0.610000	0.000004	0.612731	0.000000	0.000000	0.005426
0.060000	0.610000	0.000053	0.612731	0.610000	0.000007	0.612731	0.000000	0.000000	0.007813
0.070000	0.610000	0.000073	0.612731	0.610000	0.000011	0.612732	0.000000	0.000000	0.010633
0.080000	0.610000	0.000095	0.612731	0.610000	0.000016	0.612733	0.000000	0.000000	0.013885
0.090000	0.610000	0.000120	0.612731	0.610000	0.000023	0.612734	0.000000	0.000000	0.017569
0.100000	0.610000	0.000148	0.612731	0.610000	0.000031	0.612736	0.000000	0.000000	0.021685
0.110000	0.610000	0.000179	0.612731	0.610000	0.000041	0.612738	0.000000	0.000000	0.026231
0.120000	0.610000	0.000213	0.612731	0.610000	0.000053	0.612740	0.000000	0.000000	0.031208
0.130000	0.610000	0.000250	0.612731	0.610000	0.000066	0.612743	0.000000	0.000000	0.036614
0.140000	0.610000	0.000290	0.612731	0.610000	0.000082	0.612746	0.000000	0.000000	0.042448
0.150000	0.610000	0.000333	0.612731	0.610001	0.000100	0.612750	0.000000	0.000000	0.048710
0.160000	0.610000	0.000379	0.612731	0.610001	0.000120	0.612755	0.000000	0.000000	0.055399
0.170000	0.610000	0.000427	0.612731	0.610001	0.000142	0.612761	0.000000	0.000000	0.062513
0.180000	0.610000	0.000479	0.612731	0.610001	0.000166	0.612767	0.000000	0.000000	0.070051
0.190000	0.610000	0.000534	0.612731	0.610001	0.000193	0.612774	0.000000	0.000000	0.078013
0.200000	0.610000	0.000591	0.612731	0.610002	0.000222	0.612782	0.000000	0.000000	0.086396
0.210000	0.610000	0.000652	0.612731	0.610002	0.000254	0.612791	0.000000	0.000000	0.095200
0.220000	0.610000	0.000715	0.612731	0.610002	0.000288	0.612801	0.000000	0.000000	0.104424
0.230000	0.610000	0.000782	0.612731	0.610003	0.000325	0.612812	0.000000	0.000000	0.114065
0.240000	0.610000	0.000851	0.612731	0.610003	0.000364	0.612824	0.000000	0.000000	0.124123
0.250000	0.610000	0.000923	0.612731	0.610003	0.000406	0.612837	0.000000	0.000000	0.134595
0.260000	0.610000	0.000999	0.612731	0.610004	0.000451	0.612851	0.000000	0.000000	0.145480
0.270000	0.610000	0.001077	0.612731	0.610004	0.000499	0.612866	0.000000	0.000000	0.156776
0.280000	0.610000	0.001158	0.612731	0.610004	0.000549	0.612883	0.000000	0.000000	0.168482
0.290000	0.610000	0.001242	0.612731	0.610005	0.000602	0.612900	0.000000	0.000000	0.180595
0.300000	0.610000	0.001328	0.612731	0.610005	0.000657	0.612919	0.000000	0.000000	0.193115
0.310000	0.610000	0.001418	0.612731	0.610006	0.000716	0.612938	0.000000	0.000000	0.206038
0.320000	0.610000	0.001511	0.612731	0.610006	0.000777	0.612959	0.000000	0.000000	0.219362
0.330000	0.610000	0.001606	0.612731	0.610007	0.000841	0.612981	0.000000	0.000000	0.233087
0.340000	0.610000	0.001705	0.612731	0.610007	0.000908	0.613004	0.000000	0.000000	0.247209
0.350000	0.610000	0.001806	0.612731	0.610008	0.000978	0.613029	0.000000	0.000000	0.261726
0.360000	0.610000	0.001910	0.612731	0.610008	0.001051	0.613054	0.000000	0.000000	0.276636
0.370000	0.610000	0.002018	0.612731	0.610009	0.001126	0.613081	0.000000	0.000000	0.291936
0.380000	0.610000	0.002128	0.612731	0.610009	0.001205	0.613109	0.000000	0.000000	0.307625
0.390000	0.610000	0.002241	0.612731	0.610010	0.001286	0.613138	0.000000	0.000000	0.323699
0.400000	0.610000	0.002356	0.612731	0.610010	0.001370	0.613168	0.000000	0.000000	0.340157
0.410000	0.610000	0.002475	0.612731	0.610011	0.001458	0.613200	0.000000	0.000000	0.356995
0.420000	0.610000	0.002596	0.612731	0.610011	0.001548	0.613232	0.000000	0.000000	0.374211
0.430000	0.610000	0.002721	0.612731	0.610012	0.001641	0.613266	0.000000	0.000000	0.391802
0.440000	0.610000	0.002848	0.612731	0.610012	0.001736	0.613300	0.000000	0.000000	0.409765
0.450000	0.610000	0.002978	0.612731	0.610013	0.001835	0.613336	0.000000	0.000000	0.428098
0.460000	0.610000	0.003111	0.612731	0.610013	0.001937	0.613373	0.000000	0.000000	0.446798
0.470000	0.610000	0.003247	0.612731	0.610014	0.002041	0.613411	0.000000	0.000000	0.465861
0.480000	0.610000	0.003385	0.612731	0.610014	0.002149	0.613450	0.000000	0.000000	0.485285
0.490000	0.610000	0.003527	0.612731	0.610015	0.002259	0.613490	0.000000	0.000000	0.505067
0.500000	0.610000	0.003671	0.612731	0.610015	0.002372	0.613531	0.000000	0.000000	0.525203
0.510000	0.610000	0.003818	0.612731	0.610016	0.002489	0.613574	0.000000	0.000000	0.545691
0.520000	0.610000	0.003968	0.612731	0.610016	0.002608	0.613617	0.000000	0.000000	0.566526
0.530000	0.610000	0.004120	0.612731	0.610017	0.002730	0.613661	0.000000	0.000000	0.587707
0.540000	0.610000	0.004276	0.612731	0.610017	0.002854	0.613706	0.000000	0.000000	0.609229
0.550000	0.610000	0.004434	0.612731	0.610018	0.002982	0.613752	0.000000	0.000000	0.631089
0.560000	0.610000	0.004595	0.612731	0.610018	0.003113	0.613800	0.000000	0.000000	0.653283
0.570000	0.610000	0.004759	0.612731	0.610018	0.003246	0.613848	0.000000	0.000000	0.675809
0.580000	0.610000	0.004925	0.612731	0.610019	0.003383	0.613897	0.000000	0.000000	0.698662
0.590000	0.610000	0.005095	0.612731	0.610019	0.003522	0.613947	0.000000	0.000000	0.721839
0.600000	0.610000	0.005267	0.612731	0.610019	0.003664	0.613997	0.000000	0.000000	0.745336
0.610000	0.610000	0.005442	0.612731	0.610020	0.003809	0.614049	0.000000	0.000000	0.769150
0.620000	0.610000	0.005619	0.612731	0.610020	0.003956	0.614102	0.000000	0.000000	0.793277
0.630000	0.610000	0.005800	0.612731	0.610020	0.004107	0.614155	0.000000	0.000000	0.817713
0.640000	0.610000	0.005983	0.612731	0.610020	0.004260	0.614210	0.000000	0.000000	0.842453
0.650000	0.610000	0.006168	0.612731	0.610021	0.004417	0.614265	0.000000	0.000000	0.867495
0.660000	0.610000	0.006357	0.612731	0.610021	0.004576	0.614321	0.000000	0.000000	0.892835
0.670000	0.610000	0.006548	0.612731	0.610021	0.004738	0.614378	0.000000	0.000000	0.918467
0.680000	0.610000	0.006742	0.612731	0.610021	0.004902	0.614436	0.000000	0.000000	0.944389
0.690000	0.610000	0.006939	0.612731	0.610021	0.005070	0.614494	0.000000	0.000000	0.970596
0.700000	0.610000	0.007138	0.612731	0.610022	0.005240	0.614554	0.000000	0.000000	0.997084
0.710000	0.610000	0.007340	0.612731	0.610022	0.005413	0.614614	0.000000	0.000000	1.023849
0.720000	0.610000	0.007545	0.612731	0.610022	0.005589	0.614675	0.000000	0.000000	1.050886
0.730000	0.610000	0.007752	0.612731	0.610022	0.005767	0.614737	0.000000	0.000000	1.078192
0.740000	0.610000	0.007962	0.612731	0.610022	0.005949	0.614799	0.000000	0.000000	1.105761
0.750000	0.610000	0.008175	0.612731	0.610022	0.006133	0.614862	0.000000	0.000000	1.133591
0.760000	0.610000	0.008390	0.612731	0.610022	0.006320	0.614926	0.000000	0.000000	1.161675
0.770000	0.610000	0.008608	0.612731	0.610022	0.006509	0.614991	0.000000	0.000000	1.190010
0.780000	0.610000	0.008828	0.612731	0.610022	0.006702	0.615056	0.000000	0.000000	1.218592
0.790000	0.610000	0.009051	0.612731	0.610022	0.006897	0.615122	0.000000	0.000000	1.247416
0.800000	0.610000	0.009277	0.612731	0.610022	0.007094	0.615189	0.000000	0.000000	1.276476
0.810000	0.610000	0.009505	0.612731	0.610022	0.007295	0.615257	0.000000	0.000000	1.305770
0.820000	0.610000	0.009736	0.612731	0.610022	0.007498	0.615325	0.000000	0.000000	1.335291
0.830000	0.610000	0.009970	0.612731	0.610022	0.007704	0.615394	0.000000	0.000000	1.365036
0.840000	0.610000	0.010206	0.612731	0.610022	0.007912	0.615463	0.000000	0.000000	1.395000
0.850000	0.610000	0.010444	0.612731	0.610022	0.008123	0.615534	0.000000	0.000000	1.425177
0.860000	0.610000	0.010686	0.612731	0.610022	0.008337	0.615604	0.000000	0.000000	1.455564
0.870000	0.610000	0.010929	0.612731	0.610022	0.008554	0.615676	0.000000	0.000000	1.486155
0.880000	0.610000	0.011175	0.612731	0.610022	0.008773	0.615748	0.000000	0.000000	1.516946
0.890000	0.610000	0.011424	0.612731	0.610021	0.008994	0.615821	0.000000	0.000000	1.547932
0.900000	0.610000	0.011675	0.612731	0.610021	0.009219	0.615894	0.000000	0.000000	1.579107
0.910000	0.610000	0.011929	0.612731	0.610021	0.009446	0.615968	0.000000	0.000000	1.610467
0.920000	0.610000	0.012185	0.612731	0.610021	0.009675	0.616042	0.000000	0.000000	1.642007
0.930000	0.610000	0.012444	0.612731	0.610021	0.009907	0.616117	0.000000	0.000000	1.673722
0.940000	0.610000	0.012705	0.612731	0.610020	0.010142	0.616193	0.000000	0.000000	1.705607
0.950000	0.610000	0.012969	0.612731	0.610020	0.010379	0.616269	0.000000	0.000000	1.737657
0.960000	0.610000	0.013235	0.612731	0.610020	0.010619	0.616346	0.000000	0.000000	1.769867
0.970000	0.610000	0.013504	0.612731	0.610020	0.010862	0.616423	0.000000	0.000000	1.802232
0.980000	0.610000	0.013775	0.612731	0.610019	0.011106	0.616501	0.000000	0.000000	1.834746
0.990000	0.610000	0.014048	0.612731	0.610019	0.011354	0.616579	0.000000	0.000000	1.867405
1.000000	0.610000	0.014324	0.612731	0.610019	0.011604	0.616658	0.000000	0.000000	1.900203
1.010000	0.610000	0.014602	0.612731	0.610018	0.011856	0.616737	0.000000	0.000000	1.933136
1.020000	0.610000	0.014882	0.612731	0.610018	0.012111	0.616816	0.000000	0.000000	1.966197
1.030000	0.610000	0.015165	0.612731	0.610018	0.012369	0.616897	0.000000	0.000000	1.999382
1.040000	0.610000	0.015451	0.612731	0.610017	0.012629	0.616977	0.000000	0.000000	2.032686
1.050000	0.610000	0.015738	0.612731	0.610017	0.012891	0.617058	0.000000	0.000000	2.066103
1.060000	0.610000	0.016028	0.612731	0.610017	0.013156	0.617139	0.000000	0.000000	2.099628
1.070000	0.610000	0.016321	0.612731	0.610016	0.013424	0.617221	0.000000	0.000000	2.133255
1.080000	0.610000	0.016615	0.612731	0.610016	0.013693	0.617303	0.000000	0.000000	2.166980
1.090000	0.610000	0.016912	0.612731	0.610015	0.013966	0.617386	0.000000	0.000000	2.200798
1.100000	0.610000	0.017212	0.612731	0.610015	0.014240	0.617468	0.000000	0.000000	2.234701
1.110000	0.610000	0.017513	0.612731	0.610014	0.014517	0.617552	0.000000	0.000000	2.268687
1.120000	0.610000	0.017817	0.612731	0.610014	0.014797	0.617635	0.000000	0.000000	2.302748
1.130000	0.610000	0.018123	0.612731	0.610013	0.015079	0.617719	0.000000	0.000000	2.336880
1.140000	0.610000	0.018431	0.612731	0.610013	0.015363	0.617803	0.000000	0.000000	2.371077
1.150000	0.610000	0.018742	0.612731	0.610012	0.015649	0.617888	0.000000	0.000000	2.405334
1.160000	0.610000	0.019054	0.612731	0.610012	0.015938	0.617972	0.000000	0.000000	2.439645
1.170000	0.610000	0.019369	0.612731	0.610011	0.016229	0.618057	0.000000	0.000000	2.474005
1.180000	0.610000	0.019687	0.612731	0.610011	0.016523	0.618142	0.000000	0.000000	2.508409
1.190000	0.610000	0.020006	0.612731	0.610010	0.016819	0.618228	0.000000	0.000000	2.542851
1.200000	0.610000	0.020327	0.612731	0.610010	0.017117	0.618314	0.000000	0.000000	2.577326
1.210000	0.610000	0.020651	0.612731	0.610009	0.017418	0.618400	0.000000	0.000000	2.611828
1.220000	0.610000	0.020977	0.612731	0.610008	0.017720	0.618486	0.000000	0.000000	2.646352
1.230000	0.610000	0.021305	0.612731	0.610008	0.018025	0.618572	0.000000	0.000000	2.680892
1.240000	0.610000	0.021635	0.612731	0.610007	0.018333	0.618658	0.000000	0.000000	2.715443
1.250000	0.610000	0.021967	0.612731	0.610006	0.018642	0.618745	0.000000	0.000000	2.750000
1.260000	0.610000	0.022301	0.612731	0.610006	0.018954	0.618832	0.000000	0.000000	2.784557
1.270000	0.610000	0.022638	0.612731	0.610005	0.019268	0.618918	0.000000	0.000000	2.819108
1.280000	0.610000	0.022976	0.612731	0.610004	0.019584	0.619005	0.000000	0.000000	2.853648
1.290000	0.610000	0.023316	0.612731	0.610004	0.019902	0.619093	0.000000	0.000000	2.888172
1.300000	0.610000	0.023659	0.612731	0.610003	0.020223	0.619180	0.000000	0.000000	2.922674
1.310000	0.610000	0.024003	0.612731	0.610002	0.020546	0.619267	0.000000	0.000000	2.957149
1.320000	0.610000	0.024350	0.612731	0.610002	0.020870	0.619354	0.000000	0.000000	2.991591
1.330000	0.610000	0.024699	0.612731	0.610001	0.021197	0.619442	0.000000	0.000000	3.025995
1.340000	0.610000	0.025049	0.612731	0.610000	0.021526	0.619529	0.000000	0.000000	3.060355
1.350000	0.610000	0.025402	0.612731	0.609999	0.021858	0.619616	0.000000	0.000000	3.094666
1.360000	0.610000	0.025756	0.612731	0.609999	0.022191	0.619704	0.000000	0.000000	3.128923
1.370000	0.610000	0.026112	0.612731	0.609998	0.022526	0.619791	0.000000	0.000000	3.163120
1.380000	0.610000	0.026471	0.612731	0.609997	0.022864	0.619878	0.000000	0.000000	3.197252
1.390000	0.610000	0.026831	0.612731	0.609996	0.023204	0.619966	0.000000	0.000000	3.231313
1.400000	0.610000	0.027193	0.612731	0.609995	0.023545	0.620053	0.000000	0.000000	3.265299
1.410000	0.610000	0.027557	0.612731	0.609995	0.023889	0.620140	0.000000	0.000000	3.299202
1.420000	0.610000	0.027923	0.612731	0.609994	0.024234	0.620227	0.000000	0.000000	3.333020
1.430000	0.610000	0.028291	0.612731	0.609993	0.024582	0.620314	0.000000	0.000000	3.366745
1.440000	0.610000	0.028661	0.612731	0.609992	0.024932	0.620401	0.000000	0.000000	3.400372
1.450000	0.610000	0.029032	0.612731	0.609991	0.025283	0.620488	0.000000	0.000000	3.433897
1.460000	0.610000	0.029405	0.612731	0.609990	0.025637	0.620574	0.000000	0.000000	3.467314
1.470000	0.610000	0.029780	0.612731	0.609990	0.025993	0.620661	0.000000	0.000000	3.500618
1.480000	0.610000	0.030157	0.612731	0.609989	0.026350	0.620747	0.000000	0.000000	3.533803
1.490000	0.610000	0.030536	0.612731	0.609988	0.026710	0.620833	0.000000	0.000000	3.566864
1.500000	0.610000	0.030916	0.612731	0.609987	0.027071	0.620919	0.000000	0.000000	3.599797
1.510000	0.610000	0.031298	0.612731	0.609986	0.027434	0.621005	0.000000	0.000000	3.632595
1.520000	0.610000	0.031682	0.612731	0.609985	0.027799	0.621090	0.000000	0.000000	3.665254
1.530000	0.610000	0.032068	0.612731	0.609984	0.028166	0.621176	0.000000	0.000000	3.697768
1.540000	0.610000	0.032455	0.612731	0.609983	0.028535	0.621261	0.000000	0.000000	3.730133
1.550000	0.610000	0.032844	0.612731	0.609982	0.028906	0.621345	0.000000	0.000000	3.762343
1.560000	0.610000	0.033234	0.612731	0.609981	0.029278	0.621430	0.000000	0.000000	3.794393
1.570000	0.610000	0.033627	0.612731	0.609980	0.029653	0.621514	0.000000	0.000000	3.826278
1.580000	0.610000	0.034020	0.612731	0.609979	0.030029	0.621598	0.000000	0.000000	3.857993
1.590000	0.610000	0.034416	0.612731	0.609979	0.030407	0.621682	0.000000	0.000000	3.889533
1.600000	0.610000	0.034813	0.612731	0.609978	0.030786	0.621765	0.000000	0.000000	3.920893
1.610000	0.610000	0.035212	0.612731	0.609977	0.031168	0.621848	0.000000	0.000000	3.952068
1.620000	0.610000	0.035612	0.612731	0.609976	0.031551	0.621930	0.000000	0.000000	3.983054
1.630000	0.610000	0.036014	0.612731	0.609975	0.031936	0.622013	0.000000	0.000000	4.013845
1.640000	0.610000	0.036417	0.612731	0.609974	0.032322	0.622094	0.000000	0.000000	4.044436
1.650000	0.610000	0.036822	0.612731	0.609973	0.032710	0.622176	0.000000	0.000000	4.074823
1.660000	0.610000	0.037228	0.612731	0.609972	0.033100	0.622257	0.000000	0.000000	4.105000
1.670000	0.610000	0.037636	0.612731	0.609971	0.033492	0.622338	0.000000	0.000000	4.134964
1.680000	0.610000	0.038045	0.612731	0.609970	0.033885	0.622418	0.000000	0.000000	4.164709
1.690000	0.610000	0.038456	0.612731	0.609969	0.034280	0.622497	0.000000	0.000000	4.194230
1.700000	0.610000	0.038868	0.612731	0.609968	0.034676	0.622577	0.000000	0.000000	4.223524
1.710000	0.610000	0.039282	0.612731	0.609967	0.035074	0.622656	0.000000	0.000000	4.252584
1.720000	0.610000	0.039697	0.612731	0.609966	0.035474	0.622734	0.000000	0.000000	4.281408
1.730000	0.610000	0.040114	0.612731	0.609965	0.035875	0.622812	0.000000	0.000000	4.309990
1.740000	0.610000	0.040532	0.612731	0.609964	0.036278	0.622889	0.000000	0.000000	4.338325
1.750000	0.610000	0.040951	0.612731	0.609962	0.036682	0.622966	0.000000	0.000000	4.366409
1.760000	0.610000	0.041371	0.612731	0.609961	0.037088	0.623042	0.000000	0.000000	4.394239
1.770000	0.610000	0.041793	0.612731	0.609960	0.037495	0.623118	0.000000	0.000000	4.421808
1.780000	0.610000	0.042216	0.612731	0.609959	0.037904	0.623193	0.000000	0.000000	4.449114
1.790000	0.610000	0.042641	0.612731	0.609958	0.038314	0.623268	0.000000	0.000000	4.476151
1.800000	0.610000	0.043067	0.612731	0.609957	0.038726	0.623342	0.000000	0.000000	4.502916
1.810000	0.610000	0.043494	0.612731	0.609956	0.039139	0.623415	0.000000	0.000000	4.529404
1.820000	0.610000	0.043922	0.612731	0.609955	0.039554	0.623488	0.000000	0.000000	4.555611
1.830000	0.610000	0.044351	0.612731	0.609954	0.039970	0.623560	0.000000	0.000000	4.581533
1.840000	0.610000	0.044782	0.612731	0.609953	0.040387	0.623632	0.000000	0.000000	4.607165
1.850000	0.610000	0.045214	0.612731	0.609952	0.040806	0.623703	0.000000	0.000000	4.632505
1.860000	0.610000	0.045647	0.612731	0.609951	0.041226	0.623773	0.000000	0.000000	4.657547
1.870000	0.610000	0.046081	0.612731	0.609950	0.041647	0.623843	0.000000	0.000000	4.682287
1.880000	0.610000	0.046517	0.612731	0.609949	0.042070	0.623912	0.000000	0.000000	4.706723
1.890000	0.610000	0.046953	0.612731	0.609948	0.042494	0.623980	0.000000	0.000000	4.730850
1.900000	0.610000	0.047391	0.612731	0.609947	0.042919	0.624048	0.000000	0.000000	4.754664
1.910000	0.610000	0.047829	0.612731	0.609946	0.043346	0.624115	0.000000	0.000000	4.778161
1.920000	0.610000	0.048269	0.612731	0.609945	0.043774	0.624181	0.000000	0.000000	4.801338
1.930000	0.610000	0.048710	0.612731	0.609944	0.044203	0.624247	0.000000	0.000000	4.824191
1.940000	0.610000	0.049152	0.612731	0.609942	0.044633	0.624312	0.000000	0.000000	4.846717
1.950000	0.610000	0.049595	0.612731	0.609941	0.045064	0.624376	0.000000	0.000000	4.868911
1.960000	0.610000	0.050039	0.612731	0.609940	0.045497	0.624439	0.000000	0.000000	4.890771
1.970000	0.610000	0.050483	0.612731	0.609939	0.045931	0.624501	0.000000	0.000000	4.912293
1.980000	0.610000	0.050929	0.612731	0.609938	0.046366	0.624563	0.000000	0.000000	4.933474
1.990000	0.610000	0.051376	0.612731	0.609937	0.046802	0.624624	0.000000	0.000000	4.954309
2.000000	0.610000	0.051824	0.612731	0.609936	0.047239	0.624684	0.000000	0.000000	4.974797
2.010000	0.610000	0.052272	0.612731	0.609935	0.047678	0.624744	0.000000	0.000000	4.994933
2.020000	0.610000	0.052722	0.612731	0.609934	0.048117	0.624802	0.000000	0.000000	5.014715
2.030000	0.610000	0.053172	0.612731	0.609933	0.048558	0.624860	0.000000	0.000000	5.034139
2.040000	0.610000	0.053624	0.612731	0.609932	0.048999	0.624917	0.000000	0.000000	5.053202
2.050000	0.610000	0.054076	0.612731	0.609931	0.049442	0.624973	0.000000	0.000000	5.071902
2.060000	0.610000	0.054529	0.612731	0.609930	0.049885	0.625028	0.000000	0.000000	5.090235
2.070000	0.610000	0.054982	0.612731	0.609929	0.050330	0.625083	0.000000	0.000000	5.108198
2.080000	0.610000	0.055437	0.612731	0.609928	0.050775	0.625136	0.000000	0.000000	5.125789
2.090000	0.610000	0.055892	0.612731	0.609927	0.051222	0.625189	0.000000	0.000000	5.143005
2.100000	0.610000	0.056348	0.612731	0.609926	0.051669	0.625241	0.000000	0.000000	5.159843
2.110000	0.610000	0.056805	0.612731	0.609925	0.052118	0.625291	0.000000	0.000000	5.176301
2.120000	0.610000	0.057263	0.612731	0.609924	0.052567	0.625341	0.000000	0.000000	5.192375
2.130000	0.610000	0.057721	0.612731	0.609923	0.053017	0.625390	0.000000	0.000000	5.208064
2.140000	0.610000	0.058180	0.612731	0.609922	0.053468	0.625439	0.000000	0.000000	5.223364
2.150000	0.610000	0.058639	0.612731	0.609921	0.053920	0.625486	0.000000	0.000000	5.238274
2.160000	0.610000	0.059099	0.612731	0.609920	0.054373	0.625532	0.000000	0.000000	5.252791
2.170000	0.610000	0.059560	0.612731	0.609919	0.054827	0.625577	0.000000	0.000000	5.266913
2.180000	0.610000	0.060022	0.612731	0.609918	0.055281	0.625622	0.000000	0.000000	5.280638
2.190000	0.610000	0.060484	0.612731	0.609917	0.055736	0.625665	0.000000	0.000000	5.293962
2.200000	0.610000	0.060946	0.612731	0.609916	0.056192	0.625708	0.000000	0.000000	5.306885
2.210000	0.610000	0.061410	0.612731	0.609915	0.056649	0.625749	0.000000	0.000000	5.319405
2.220000	0.610000	0.061873	0.612731	0.609914	0.057106	0.625790	0.000000	0.000000	5.331518
2.230000	0.610000	0.062337	0.612731	0.609913	0.057564	0.625830	0.000000	0.000000	5.343224
2.240000	0.610000	0.062802	0.612731	0.609912	0.058023	0.625868	0.000000	0.000000	5.354520
2.250000	0.610000	0.063267	0.612731	0.609911	0.058483	0.625906	0.000000	0.000000	5.365405
2.260000	0.610000	0.063733	0.612731	0.609910	0.058943	0.625943	0.000000	0.000000	5.375877
2.270000	0.610000	0.064199	0.612731	0.609909	0.059404	0.625978	0.000000	0.000000	5.385935
2.280000	0.610000	0.064666	0.612731	0.609908	0.059865	0.626013	0.000000	0.000000	5.395576
2.290000	0.610000	0.065133	0.612731	0.609907	0.060327	0.626047	0.000000	0.000000	5.404800
2.300000	0.610000	0.065600	0.612731	0.609906	0.060790	0.626079	0.000000	0.000000	5.413604
2.310000	0.610000	0.066068	0.612731	0.609906	0.061253	0.626111	0.000000	0.000000	5.421987
2.320000	0.610000	0.066536	0.612731	0.609905	0.061716	0.626141	0.000000	0.000000	5.429949
2.330000	0.610000	0.067004	0.612731	0.609904	0.062181	0.626171	0.000000	0.000000	5.437487
2.340000	0.610000	0.067473	0.612731	0.609903	0.062645	0.626199	0.000000	0.000000	5.444601
2.350000	0.610000	0.067942	0.612731	0.609902	0.063111	0.626227	0.000000	0.000000	5.451290
2.360000	0.610000	0.068411	0.612731	0.609901	0.063576	0.626253	0.000000	0.000000	5.457552
2.370000	0.610000	0.068881	0.612731	0.609900	0.064043	0.626279	0.000000	0.000000	5.463386
2.380000	0.610000	0.069350	0.612731	0.609899	0.064509	0.626303	0.000000	0.000000	5.468792
2.390000	0.610000	0.069820	0.612731	0.609899	0.064976	0.626326	0.000000	0.000000	5.473769
2.400000	0.610000	0.070291	0.612731	0.609898	0.065444	0.626348	0.000000	0.000000	5.478315
2.410000	0.610000	0.070761	0.612731	0.609897	0.065911	0.626369	0.000000	0.000000	5.482431
2.420000	0.610000	0.071232	0.612731	0.609896	0.066380	0.626390	0.000000	0.000000	5.486115
2.430000	0.610000	0.071702	0.612731	0.609895	0.066848	0.626409	0.000000	0.000000	5.489367
2.440000	0.610000	0.072173	0.612731	0.609895	0.067317	0.626426	0.000000	0.000000	5.492187
2.450000	0.610000	0.072644	0.612731	0.609894	0.067786	0.626443	0.000000	0.000000	5.494574
2.460000	0.610000	0.073115	0.612731	0.609893	0.068256	0.626459	0.000000	0.000000	5.496527
2.470000	0.610000	0.073586	0.612731	0.609892	0.068725	0.626474	0.000000	0.000000	5.498046
2.480000	0.610000	0.074058	0.612731	0.609892	0.069195	0.626487	0.000000	0.000000	5.499132
2.490000	0.610000	0.074529	0.612731	0.609891	0.069665	0.626500	0.000000	0.000000	5.499783
2.500000	0.610000	0.075000	0.612731	0.609890	0.070136	0.626511	0.000000	0.000000	5.500000
2.510000	0.610000	0.075471	0.612731	0.609889	0.070607	0.626522	0.000000	0.000000	5.499783
2.520000	0.610000	0.075942	0.612731	0.609889	0.071077	0.626531	0.000000	0.000000	5.499132
2.530000	0.610000	0.076414	0.612731	0.609888	0.071548	0.626539	0.000000	0.000000	5.498046
2.540000	0.610000	0.076885	0.612731	0.609887	0.072019	0.626546	0.000000	0.000000	5.496527
2.550000	0.610000	0.077356	0.612731	0.609887	0.072491	0.626552	0.000000	0.000000	5.494574
2.560000	0.610000	0.077827	0.612731	0.609886	0.072962	0.626557	0.000000	0.000000	5.492187
2.570000	0.610000	0.078298	0.612731	0.609885	0.073433	0.626561	0.000000	0.000000	5.489367
2.580000	0.610000	0.078768	0.612731	0.609885	0.073905	0.626563	0.000000	0.000000	5.486115
2.590000	0.610000	0.079239	0.612731	0.609884	0.074376	0.626565	0.000000	0.000000	5.482431
2.600000	0.610000	0.079709	0.612731	0.609883	0.074848	0.626565	0.000000	0.000000	5.478315
2.610000	0.610000	0.080180	0.612731	0.609883	0.075320	0.626565	0.000000	0.000000	5.473769
2.620000	0.610000	0.080650	0.612731	0.609882	0.075791	0.626563	0.000000	0.000000	5.468792
2.630000	0.610000	0.081119	0.612731	0.609882	0.076263	0.626560	0.000000	0.000000	5.463386
2.640000	0.610000	0.081589	0.612731	0.609881	0.076734	0.626556	0.000000	0.000000	5.457552
2.650000	0.610000	0.082058	0.612731	0.609880	0.077206	0.626551	0.000000	0.000000	5.451290
2.660000	0.610000	0.082527	0.612731	0.609880	0.077677	0.626545	0.000000	0.000000	5.444601
2.670000	0.610000	0.082996	0.612731	0.609879	0.078148	0.626538	0.000000	0.000000	5.437487
2.680000	0.610000	0.083464	0.612731	0.609879	0.078619	0.626530	0.000000	0.000000	5.429949
2.690000	0.610000	0.083932	0.612731	0.609878	0.079090	0.626520	0.000000	0.000000	5.421987
2.700000	0.610000	0.084400	0.612731	0.609878	0.079561	0.626510	0.000000	0.000000	5.413604
2.710000	0.610000	0.084867	0.612731	0.609877	0.080032	0.626498	0.000000	0.000000	5.404800
2.720000	0.610000	0.085334	0.612731	0.609877	0.080502	0.626486	0.000000	0.000000	5.395576
2.730000	0.610000	0.085801	0.612731	0.609876	0.080973	0.626472	0.000000	0.000000	5.385935
2.740000	0.610000	0.086267	0.612731	0.609876	0.081443	0.626457	0.000000	0.000000	5.375877
2.750000	0.610000	0.086733	0.612731	0.609876	0.081912	0.626441	0.000000	0.000000	5.365405
2.760000	0.610000	0.087198	0.612731	0.609875	0.082382	0.626424	0.000000	0.000000	5.354520
2.770000	0.610000	0.087663	0.612731	0.609875	0.082851	0.626406	0.000000	0.000000	5.343224
2.780000	0.610000	0.088127	0.612731	0.609874	0.083320	0.626387	0.000000	0.000000	5.331518
2.790000	0.610000	0.088590	0.612731	0.609874	0.083789	0.626367	0.000000	0.000000	5.319405
2.800000	0.610000	0.089054	0.612731	0.609874	0.084257	0.626346	0.000000	0.000000	5.306885
2.810000	0.610000	0.089516	0.612731	0.609873	0.084725	0.626323	0.000000	0.000000	5.293962
2.820000	0.610000	0.089978	0.612731	0.609873	0.085192	0.626300	0.000000	0.000000	5.280638
2.830000	0.610000	0.090440	0.612731	0.609873	0.085660	0.626276	0.000000	0.000000	5.266913
2.840000	0.610000	0.090901	0.612731	0.609872	0.086126	0.626250	0.000000	0.000000	5.252791
2.850000	0.610000	0.091361	0.612731	0.609872	0.086593	0.626223	0.000000	0.000000	5.238274
2.860000	0.610000	0.091820	0.612731	0.609872	0.087058	0.626196	0.000000	0.000000	5.223364
2.870000	0.610000	0.092279	0.612731	0.609871	0.087524	0.626167	0.000000	0.000000	5.208064
2.880000	0.610000	0.092737	0.612731	0.609871	0.087989	0.626138	0.000000	0.000000	5.192375
2.890000	0.610000	0.093195	0.612731	0.609871	0.088453	0.626107	0.000000	0.000000	5.176301
2.900000	0.610000	0.093652	0.612731	0.609871	0.088917	0.626075	0.000000	0.000000	5.159843
2.910000	0.610000	0.094108	0.612731	0.609871	0.089380	0.626042	0.000000	0.000000	5.143005
2.920000	0.610000	0.094563	0.612731	0.609870	0.089843	0.626009	0.000000	0.000000	5.125789
2.930000	0.610000	0.095018	0.612731	0.609870	0.090305	0.625974	0.000000	0.000000	5.108198
2.940000	0.610000	0.095471	0.612731	0.609870	0.090767	0.625938	0.000000	0.000000	5.090235
2.950000	0.610000	0.095924	0.612731	0.609870	0.091228	0.625901	0.000000	0.000000	5.071902
2.960000	0.610000	0.096376	0.612731	0.609870	0.091688	0.625864	0.000000	0.000000	5.053202
2.970000	0.610000	0.096828	0.612731	0.609870	0.092148	0.625825	0.000000	0.000000	5.034139
2.980000	0.610000	0.097278	0.612731	0.609869	0.092607	0.625785	0.000000	0.000000	5.014715
2.990000	0.610000	0.097728	0.612731	0.609869	0.093065	0.625745	0.000000	0.000000	4.994933
3.000000	0.610000	0.098176	0.612731	0.609869	0.093522	0.625703	0.000000	0.000000	4.974797
3.010000	0.610000	0.098624	0.612731	0.609869	0.093979	0.625660	0.000000	0.000000	4.954309
3.020000	0.610000	0.099071	0.612731	0.609869	0.094435	0.625617	0.000000	0.000000	4.933474
3.030000	0.610000	0.099517	0.612731	0.609869	0.094891	0.625572	0.000000	0.000000	4.912293
3.040000	0.610000	0.099961	0.612731	0.609869	0.095345	0.625527	0.000000	0.000000	4.890771
3.050000	0.610000	0.100405	0.612731	0.609869	0.095799	0.625480	0.000000	0.000000	4.868911
3.060000	0.610000	0.100848	0.612731	0.609869	0.096252	0.625433	0.000000	0.000000	4.846717
3.070000	0.610000	0.101290	0.612731	0.609869	0.096704	0.625385	0.000000	0.000000	4.824191
3.080000	0.610000	0.101731	0.612731	0.609869	0.097156	0.625335	0.000000	0.000000	4.801338
3.090000	0.610000	0.102171	0.612731	0.609869	0.097606	0.625285	0.000000	0.000000	4.778161
3.100000	0.610000	0.102609	0.612731	0.609869	0.098055	0.625234	0.000000	0.000000	4.754664
3.110000	0.610000	0.103047	0.612731	0.609869	0.098504	0.625183	0.000000	0.000000	4.730850
3.120000	0.610000	0.103483	0.612731	0.609869	0.098952	0.625130	0.000000	0.000000	4.706723
3.130000	0.610000	0.103919	0.612731	0.609870	0.099399	0.625076	0.000000	0.000000	4.682287
3.140000	0.610000	0.104353	0.612731	0.609870	0.099844	0.625022	0.000000	0.000000	4.657547
3.150000	0.610000	0.104786	0.612731	0.609870	0.100289	0.624966	0.000000	0.000000	4.632505
3.160000	0.610000	0.105218	0.612731	0.609870	0.100733	0.624910	0.000000	0.000000	4.607165
3.170000	0.610000	0.105649	0.612731	0.609870	0.101176	0.624853	0.000000	0.000000	4.581533
3.180000	0.610000	0.106078	0.612731	0.609870	0.101618	0.624795	0.000000	0.000000	4.555611
3.190000	0.610000	0.106506	0.612731	0.609871	0.102058	0.624737	0.000000	0.000000	4.529404
3.200000	0.610000	0.106933	0.612731	0.609871	0.102498	0.624677	0.000000	0.000000	4.502916
3.210000	0.610000	0.107359	0.612731	0.609871	0.102937	0.624617	0.000000	0.000000	4.476151
3.220000	0.610000	0.107784	0.612731	0.609871	0.103374	0.624556	0.000000	0.000000	4.449114
3.230000	0.610000	0.108207	0.612731	0.609872	0.103810	0.624494	0.000000	0.000000	4.421808
3.240000	0.610000	0.108629	0.612731	0.609872	0.104246	0.624432	0.000000	0.000000	4.394239
3.250000	0.610000	0.109049	0.612731	0.609872	0.104680	0.624368	0.000000	0.000000	4.366409
3.260000	0.610000	0.109468	0.612731	0.609872	0.105113	0.624304	0.000000	0.000000	4.338325
3.270000	0.610000	0.109886	0.612731	0.609873	0.105545	0.624239	0.000000	0.000000	4.309990
3.280000	0.610000	0.110303	0.612731	0.609873	0.105975	0.624174	0.000000	0.000000	4.281408
3.290000	0.610000	0.110718	0.612731	0.609873	0.106404	0.624107	0.000000	0.000000	4.252584
3.300000	0.610000	0.111132	0.612731	0.609874	0.106832	0.624040	0.000000	0.000000	4.223524
3.310000	0.610000	0.111544	0.612731	0.609874	0.107259	0.623973	0.000000	0.000000	4.194230
3.320000	0.610000	0.111955	0.612731	0.609874	0.107685	0.623904	0.000000	0.000000	4.164709
3.330000	0.610000	0.112364	0.612731	0.609875	0.108109	0.623835	0.000000	0.000000	4.134964
3.340000	0.610000	0.112772	0.612731	0.609875	0.108532	0.623765	0.000000	0.000000	4.105000
3.350000	0.610000	0.113178	0.612731	0.609876	0.108954	0.623695	0.000000	0.000000	4.074823
3.360000	0.610000	0.113583	0.612731	0.609876	0.109374	0.623624	0.000000	0.000000	4.044436
3.370000	0.610000	0.113986	0.612731	0.609877	0.109793	0.623552	0.000000	0.000000	4.013845
3.380000	0.610000	0.114388	0.612731	0.609877	0.110211	0.623480	0.000000	0.000000	3.983054
3.390000	0.610000	0.114788	0.612731	0.609878	0.110627	0.623407	0.000000	0.000000	3.952068
3.400000	0.610000	0.115187	0.612731	0.609878	0.111042	0.623333	0.000000	0.000000	3.920893
3.410000	0.610000	0.115584	0.612731	0.609879	0.111455	0.623259	0.000000	0.000000	3.889533
3.420000	0.610000	0.115980	0.612731	0.609879	0.111867	0.623185	0.000000	0.000000	3.857993
3.430000	0.610000	0.116373	0.612731	0.609880	0.112278	0.623109	0.000000	0.000000	3.826278
3.440000	0.610000	0.116766	0.612731	0.609880	0.112687	0.623034	0.000000	0.000000	3.794393
3.450000	0.610000	0.117156	0.612731	0.609881	0.113094	0.622957	0.000000	0.000000	3.762343
3.460000	0.610000	0.117545	0.612731	0.609881	0.113500	0.622880	0.000000	0.000000	3.730133
3.470000	0.610000	0.117932	0.612731	0.609882	0.113905	0.622803	0.000000	0.000000	3.697768
3.480000	0.610000	0.118318	0.612731	0.609883	0.114308	0.622725	0.000000	0.000000	3.665254
3.490000	0.610000	0.118702	0.612731	0.609883	0.114709	0.622647	0.000000	0.000000	3.632595
3.500000	0.610000	0.119084	0.612731	0.609884	0.115109	0.622568	0.000000	0.000000	3.599797
3.510000	0.610000	0.119464	0.612731	0.609884	0.115508	0.622488	0.000000	0.000000	3.566864
3.520000	0.610000	0.119843	0.612731	0.609885	0.115904	0.622409	0.000000	0.000000	3.533803
3.530000	0.610000	0.120220	0.612731	0.609886	0.116299	0.622328	0.000000	0.000000	3.500618
3.540000	0.610000	0.120595	0.612731	0.609887	0.116693	0.622248	0.000000	0.000000	3.467314
3.550000	0.610000	0.120968	0.612731	0.609887	0.117085	0.622167	0.000000	0.000000	3.433897
3.560000	0.610000	0.121339	0.612731	0.609888	0.117475	0.622085	0.000000	0.000000	3.400372
3.570000	0.610000	0.121709	0.612731	0.609889	0.117863	0.622003	0.000000	0.000000	3.366745
3.580000	0.610000	0.122077	0.612731	0.609889	0.118250	0.621921	0.000000	0.000000	3.333020
3.590000	0.610000	0.122443	0.612731	0.609890	0.118635	0.621838	0.000000	0.000000	3.299202
3.600000	0.610000	0.122807	0.612731	0.609891	0.119019	0.621755	0.000000	0.000000	3.265299
3.610000	0.610000	0.123169	0.612731	0.609892	0.119400	0.621672	0.000000	0.000000	3.231313
3.620000	0.610000	0.123529	0.612731	0.609892	0.119780	0.621588	0.000000	0.000000	3.197252
3.630000	0.610000	0.123888	0.612731	0.609893	0.120158	0.621504	0.000000	0.000000	3.163120
3.640000	0.610000	0.124244	0.612731	0.609894	0.120535	0.621420	0.000000	0.000000	3.128923
3.650000	0.610000	0.124598	0.612731	0.609895	0.120909	0.621335	0.000000	0.000000	3.094666
3.660000	0.610000	0.124951	0.612731	0.609896	0.121282	0.621251	0.000000	0.000000	3.060355
3.670000	0.610000	0.125301	0.612731	0.609897	0.121653	0.621166	0.000000	0.000000	3.025995
3.680000	0.610000	0.125650	0.612731	0.609897	0.122022	0.621080	0.000000	0.000000	2.991591
3.690000	0.610000	0.125997	0.612731	0.609898	0.122389	0.620995	0.000000	0.000000	2.957149
3.700000	0.610000	0.126341	0.612731	0.609899	0.122755	0.620909	0.000000	0.000000	2.922674
3.710000	0.610000	0.126684	0.612731	0.609900	0.123118	0.620823	0.000000	0.000000	2.888172
3.720000	0.610000	0.127024	0.612731	0.609901	0.123480	0.620737	0.000000	0.000000	2.853648
3.730000	0.610000	0.127362	0.612731	0.609902	0.123840	0.620650	0.000000	0.000000	2.819108
3.740000	0.610000	0.127699	0.612731	0.609903	0.124197	0.620564	0.000000	0.000000	2.784557
3.750000	0.610000	0.128033	0.612731	0.609904	0.124553	0.620477	0.000000	0.000000	2.750000
3.760000	0.610000	0.128365	0.612731	0.609905	0.124907	0.620390	0.000000	0.000000	2.715443
3.770000	0.610000	0.128695	0.612731	0.609906	0.125259	0.620303	0.000000	0.000000	2.680892
3.780000	0.610000	0.129023	0.612731	0.609907	0.125609	0.620216	0.000000	0.000000	2.646352
3.790000	0.610000	0.129349	0.612731	0.609908	0.125957	0.620129	0.000000	0.000000	2.611828
3.800000	0.610000	0.129673	0.612731	0.609909	0.126303	0.620042	0.000000	0.000000	2.577326
3.810000	0.610000	0.129994	0.612731	0.609910	0.126646	0.619954	0.000000	0.000000	2.542851
3.820000	0.610000	0.130313	0.612731	0.609911	0.126988	0.619867	0.000000	0.000000	2.508409
3.830000	0.610000	0.130631	0.612731	0.609912	0.127328	0.619780	0.000000	0.000000	2.474005
3.840000	0.610000	0.130946	0.612731	0.609913	0.127666	0.619692	0.000000	0.000000	2.439645
3.850000	0.610000	0.131258	0.612731	0.609914	0.128001	0.619605	0.000000	0.000000	2.405334
3.860000	0.610000	0.131569	0.612731	0.609915	0.128335	0.619517	0.000000	0.000000	2.371077
3.870000	0.610000	0.131877	0.612731	0.609916	0.128666	0.619430	0.000000	0.000000	2.336880
3.880000	0.610000	0.132183	0.612731	0.609917	0.128996	0.619342	0.000000	0.000000	2.302748
3.890000	0.610000	0.132487	0.612731	0.609918	0.129323	0.619255	0.000000	0.000000	2.268687
3.900000	0.610000	0.132788	0.612731	0.609919	0.129648	0.619168	0.000000	0.000000	2.234701
3.910000	0.610000	0.133088	0.612731	0.609920	0.129971	0.619080	0.000000	0.000000	2.200798
3.920000	0.610000	0.133385	0.612731	0.609921	0.130292	0.618993	0.000000	0.000000	2.166980
3.930000	0.610000	0.133679	0.612731	0.609922	0.130610	0.618906	0.000000	0.000000	2.133255
3.940000	0.610000	0.133972	0.612731	0.609923	0.130926	0.618819	0.000000	0.000000	2.099628
3.950000	0.610000	0.134262	0.612731	0.609924	0.131241	0.618732	0.000000	0.000000	2.066103
3.960000	0.610000	0.134549	0.612731	0.609925	0.131553	0.618646	0.000000	0.000000	2.032686
3.970000	0.610000	0.134835	0.612731	0.609927	0.131862	0.618559	0.000000	0.000000	1.999382
3.980000	0.610000	0.135118	0.612731	0.609928	0.132170	0.618473	0.000000	0.000000	1.966197
3.990000	0.610000	0.135398	0.612731	0.609929	0.132475	0.618386	0.000000	0.000000	1.933136
4.000000	0.610000	0.135676	0.612731	0.609930	0.132778	0.618300	0.000000	0.000000	1.900203
4.010000	0.610000	0.135952	0.612731	0.609931	0.133078	0.618215	0.000000	0.000000	1.867405
4.020000	0.610000	0.136225	0.612731	0.609932	0.133377	0.618129	0.000000	0.000000	1.834746
4.030000	0.610000	0.136496	0.612731	0.609933	0.133673	0.618044	0.000000	0.000000	1.802232
4.040000	0.610000	0.136765	0.612731	0.609935	0.133966	0.617958	0.000000	0.000000	1.769867
4.050000	0.610000	0.137031	0.612731	0.609936	0.134258	0.617874	0.000000	0.000000	1.737657
4.060000	0.610000	0.137295	0.612731	0.609937	0.134547	0.617789	0.000000	0.000000	1.705607
4.070000	0.610000	0.137556	0.612731	0.609938	0.134834	0.617705	0.000000	0.000000	1.673722
4.080000	0.610000	0.137815	0.612731	0.609939	0.135118	0.617621	0.000000	0.000000	1.642007
4.090000	0.610000	0.138071	0.612731	0.609941	0.135400	0.617537	0.000000	0.000000	1.610467
4.100000	0.610000	0.138325	0.612731	0.609942	0.135679	0.617453	0.000000	0.000000	1.579107
4.110000	0.610000	0.138576	0.612731	0.609943	0.135957	0.617370	0.000000	0.000000	1.547932
4.120000	0.610000	0.138825	0.612731	0.609944	0.136231	0.617288	0.000000	0.000000	1.516946
4.130000	0.610000	0.139071	0.612731	0.609945	0.136504	0.617205	0.000000	0.000000	1.486155
4.140000	0.610000	0.139314	0.612731	0.609947	0.136774	0.617123	0.000000	0.000000	1.455564
4.150000	0.610000	0.139556	0.612731	0.609948	0.137041	0.617042	0.000000	0.000000	1.425177
4.160000	0.610000	0.139794	0.612731	0.609949	0.137306	0.616961	0.000000	0.000000	1.395000
4.170000	0.610000	0.140030	0.612731	0.609950	0.137569	0.616880	0.000000	0.000000	1.365036
4.180000	0.610000	0.140264	0.612731	0.609952	0.137829	0.616800	0.000000	0.000000	1.335291
4.190000	0.610000	0.140495	0.612731	0.609953	0.138086	0.616720	0.000000	0.000000	1.305770
4.200000	0.610000	0.140723	0.612731	0.609954	0.138342	0.616640	0.000000	0.000000	1.276476
4.210000	0.610000	0.140949	0.612731	0.609955	0.138594	0.616561	0.000000	0.000000	1.247416
4.220000	0.610000	0.141172	0.612731	0.609957	0.138844	0.616483	0.000000	0.000000	1.218592
4.230000	0.610000	0.141392	0.612731	0.609958	0.139092	0.616405	0.000000	0.000000	1.190010
4.240000	0.610000	0.141610	0.612731	0.609959	0.139337	0.616327	0.000000	0.000000	1.161675
4.250000	0.610000	0.141825	0.612731	0.609960	0.139579	0.616250	0.000000	0.000000	1.133591
4.260000	0.610000	0.142038	0.612731	0.609962	0.139819	0.616174	0.000000	0.000000	1.105761
4.270000	0.610000	0.142248	0.612731	0.609963	0.140057	0.616098	0.000000	0.000000	1.078192
4.280000	0.610000	0.142455	0.612731	0.609964	0.140292	0.616023	0.000000	0.000000	1.050886
4.290000	0.610000	0.142660	0.612731	0.609965	0.140524	0.615948	0.000000	0.000000	1.023849
4.300000	0.610000	0.142862	0.612731	0.609967	0.140754	0.615874	0.000000	0.000000	0.997084
4.310000	0.610000	0.143061	0.612731	0.609968	0.140981	0.615800	0.000000	0.000000	0.970596
4.320000	0.610000	0.143258	0.612731	0.609969	0.141205	0.615727	0.000000	0.000000	0.944389
4.330000	0.610000	0.143452	0.612731	0.609971	0.141427	0.615655	0.000000	0.000000	0.918467
4.340000	0.610000	0.143643	0.612731	0.609972	0.141646	0.615583	0.000000	0.000000	0.892835
4.350000	0.610000	0.143832	0.612731	0.609973	0.141863	0.615512	0.000000	0.000000	0.867495
4.360000	0.610000	0.144017	0.612731	0.609974	0.142077	0.615441	0.000000	0.000000	0.842453
4.370000	0.610000	0.144200	0.612731	0.609976	0.142288	0.615371	0.000000	0.000000	0.817713
4.380000	0.610000	0.144381	0.612731	0.609977	0.142497	0.615302	0.000000	0.000000	0.793277
4.390000	0.610000	0.144558	0.612731	0.609978	0.142703	0.615234	0.000000	0.000000	0.769150
4.400000	0.610000	0.144733	0.612731	0.609980	0.142906	0.615166	0.000000	0.000000	0.745336
4.410000	0.610000	0.144905	0.612731	0.609981	0.143106	0.615099	0.000000	0.000000	0.721839
4.420000	0.610000	0.145075	0.612731	0.609982	0.143304	0.615032	0.000000	0.000000	0.698662
4.430000	0.610000	0.145241	0.612731	0.609983	0.143500	0.614966	0.000000	0.000000	0.675809
4.440000	0.610000	0.145405	0.612731	0.609985	0.143692	0.614901	0.000000	0.000000	0.653283
4.450000	0.610000	0.145566	0.612731	0.609986	0.143882	0.614837	0.000000	0.000000	0.631089
4.460000	0.610000	0.145724	0.612731	0.609987	0.144069	0.614774	0.000000	0.000000	0.609229
4.470000	0.610000	0.145880	0.612731	0.609988	0.144253	0.614711	0.000000	0.000000	0.587707
4.480000	0.610000	0.146032	0.612731	0.609990	0.144435	0.614649	0.000000	0.000000	0.566526
4.490000	0.610000	0.146182	0.612731	0.609991	0.144614	0.614588	0.000000	0.000000	0.545691
4.500000	0.610000	0.146329	0.612731	0.609992	0.144790	0.614527	0.000000	0.000000	0.525203
4.510000	0.610000	0.146473	0.612731	0.609994	0.144963	0.614468	0.000000	0.000000	0.505067
4.520000	0.610000	0.146615	0.612731	0.609995	0.145134	0.614409	0.000000	0.000000	0.485285
4.530000	0.610000	0.146753	0.612731	0.609996	0.145301	0.614351	0.000000	0.000000	0.465861
4.540000	0.610000	0.146889	0.612731	0.609997	0.145466	0.614294	0.000000	0.000000	0.446798
4.550000	0.610000	0.147022	0.612731	0.609999	0.145629	0.614238	0.000000	0.000000	0.428098
4.560000	0.610000	0.147152	0.612731	0.610000	0.145788	0.614182	0.000000	0.000000	0.409765
4.570000	0.610000	0.147279	0.612731	0.610001	0.145945	0.614128	0.000000	0.000000	0.391802
4.580000	0.610000	0.147404	0.612731	0.610002	0.146099	0.614074	0.000000	0.000000	0.374211
4.590000	0.610000	0.147525	0.612731	0.610004	0.146250	0.614021	0.000000	0.000000	0.356995
4.600000	0.610000	0.147644	0.612731	0.610005	0.146398	0.613969	0.000000	0.000000	0.340157
4.610000	0.610000	0.147759	0.612731	0.610006	0.146543	0.613918	0.000000	0.000000	0.323699
4.620000	0.610000	0.147872	0.612731	0.610007	0.146686	0.613868	0.000000	0.000000	0.307625
4.630000	0.610000	0.147982	0.612731	0.610009	0.146826	0.613819	0.000000	0.000000	0.291936
4.640000	0.610000	0.148090	0.612731	0.610010	0.146963	0.613770	0.000000	0.000000	0.276636
4.650000	0.610000	0.148194	0.612731	0.610011	0.147097	0.613723	0.000000	0.000000	0.261726
4.660000	0.610000	0.148295	0.612731	0.610012	0.147228	0.613676	0.000000	0.000000	0.247209
4.670000	0.610000	0.148394	0.612731	0.610013	0.147356	0.613631	0.000000	0.000000	0.233087
4.680000	0.610000	0.148489	0.612731	0.610015	0.147482	0.613586	0.000000	0.000000	0.219362
4.690000	0.610000	0.148582	0.612731	0.610016	0.147604	0.613542	0.000000	0.000000	0.206038
4.700000	0.610000	0.148672	0.612731	0.610017	0.147724	0.613500	0.000000	0.000000	0.193115
4.710000	0.610000	0.148758	0.612731	0.610018	0.147841	0.613458	0.000000	0.000000	0.180595
4.720000	0.610000	0.148842	0.612731	0.610019	0.147955	0.613417	0.000000	0.000000	0.168482
4.730000	0.610000	0.148923	0.612731	0.610021	0.148066	0.613377	0.000000	0.000000	0.156776
4.740000	0.610000	0.149001	0.612731	0.610022	0.148174	0.613338	0.000000	0.000000	0.145480
4.750000	0.610000	0.149077	0.612731	0.610023	0.148279	0.613300	0.000000	0.000000	0.134595
4.760000	0.610000	0.149149	0.612731	0.610024	0.148382	0.613263	0.000000	0.000000	0.124123
4.770000	0.610000	0.149218	0.612731	0.610025	0.148481	0.613228	0.000000	0.000000	0.114065
4.780000	0.610000	0.149285	0.612731	0.610026	0.148578	0.613193	0.000000	0.000000	0.104424
4.790000	0.610000	0.149348	0.612731	0.610027	0.148672	0.613159	0.000000	0.000000	0.095200
4.800000	0.610000	0.149409	0.612731	0.610029	0.148763	0.613126	0.000000	0.000000	0.086396
4.810000	0.610000	0.149466	0.612731	0.610030	0.148850	0.613094	0.000000	0.000000	0.078013
4.820000	0.610000	0.149521	0.612731	0.610031	0.148935	0.613063	0.000000	0.000000	0.070051
4.830000	0.610000	0.149573	0.612731	0.610032	0.149017	0.613034	0.000000	0.000000	0.062513
4.840000	0.610000	0.149621	0.612731	0.610033	0.149097	0.613005	0.000000	0.000000	0.055399
4.850000	0.610000	0.149667	0.612731	0.610034	0.149173	0.612977	0.000000	0.000000	0.048710
4.860000	0.610000	0.149710	0.612731	0.610035	0.149246	0.612951	0.000000	0.000000	0.042448
4.870000	0.610000	0.149750	0.612731	0.610036	0.149316	0.612925	0.000000	0.000000	0.036614
4.880000	0.610000	0.149787	0.612731	0.610037	0.149384	0.612900	0.000000	0.000000	0.031208
4.890000	0.610000	0.149821	0.612731	0.610038	0.149448	0.612877	0.000000	0.000000	0.026231
4.900000	0.610000	0.149852	0.612731	0.610040	0.149510	0.612854	0.000000	0.000000	0.021685
4.910000	0.610000	0.149880	0.612731	0.610041	0.149568	0.612833	0.000000	0.000000	0.017569
4.920000	0.610000	0.149905	0.612731	0.610042	0.149624	0.612813	0.000000	0.000000	0.013885
4.930000	0.610000	0.149927	0.612731	0.610043	0.149676	0.612794	0.000000	0.000000	0.010633
4.940000	0.610000	0.149947	0.612731	0.610044	0.149726	0.612775	0.000000	0.000000	0.007813
4.950000	0.610000	0.149963	0.612731	0.610045	0.149773	0.612758	0.000000	0.000000	0.005426
4.960000	0.610000	0.149976	0.612731	0.610046	0.149817	0.612742	0.000000	0.000000	0.003473
4.970000	0.610000	0.149987	0.612731	0.610047	0.149858	0.612727	0.000000	0.000000	0.001954
4.980000	0.610000	0.149994	0.612731	0.610048	0.149895	0.612714	0.000000	0.000000	0.000868
4.990000	0.610000	0.149999	0.612731	0.610049	0.149930	0.612701	0.000000	0.000000	0.000217
5.000000	0.610000	0.150000	0.612731	0.610050	0.149962	0.612689	0.000000	0.000000	0.000000
5.010000	0.610000	0.149999	0.612731	0.610051	0.149991	0.612679	0.000000	0.000000	0.000000
5.020000	0.610000	0.149994	0.612731	0.610052	0.150017	0.612669	0.000000	0.000000	0.000000
5.030000	0.610000	0.149987	0.612731	0.610052	0.150040	0.612661	0.000000	0.000000	0.000000
5.040000	0.610000	0.149976	0.612731	0.610053	0.150060	0.612653	0.000000	0.000000	0.000000
5.050000	0.610000	0.149963	0.612731	0.610054	0.150077	0.612647	0.000000	0.000000	0.000000
5.060000	0.610000	0.149947	0.612731	0.610055	0.150091	0.612642	0.000000	0.000000	0.000000
5.070000	0.610000	0.149927	0.612731	0.610056	0.150102	0.612637	0.000000	0.000000	0.000000
5.080000	0.610000	0.149905	0.612731	0.610057	0.150110	0.612634	0.000000	0.000000	0.000000
5.090000	0.610000	0.149880	0.612731	0.610058	0.150115	0.612631	0.000000	0.000000	0.000000
5.100000	0.610000	0.149852	0.612731	0.610058	0.150117	0.612629	0.000000	0.000000	0.000000
5.110000	0.610000	0.149821	0.612731	0.610059	0.150116	0.612627	0.000000	0.000000	0.000000
5.120000	0.610000	0.149787	0.612731	0.610060	0.150111	0.612627	0.000000	0.000000	0.000000
5.130000	0.610000	0.149750	0.612731	0.610061	0.150104	0.612627	0.000000	0.000000	0.000000
5.140000	0.610000	0.149710	0.612731	0.610061	0.150094	0.612627	0.000000	0.000000	0.000000
5.150000	0.610000	0.149667	0.612731	0.610062	0.150081	0.612628	0.000000	0.000000	0.000000
5.160000	0.610000	0.149621	0.612731	0.610062	0.150065	0.612630	0.000000	0.000000	0.000000
5.170000	0.610000	0.149573	0.612731	0.610063	0.150045	0.612631	0.000000	0.000000	0.000000
5.180000	0.610000	0.149521	0.612731	0.610064	0.150023	0.612633	0.000000	0.000000	0.000000
5.190000	0.610000	0.149466	0.612731	0.610064	0.149998	0.612636	0.000000	0.000000	0.000000
5.200000	0.610000	0.149409	0.612731	0.610064	0.149970	0.612638	0.000000	0.000000	0.000000
5.210000	0.610000	0.149348	0.612731	0.610065	0.149939	0.612641	0.000000	0.000000	0.000000
5.220000	0.610000	0.149285	0.612731	0.610065	0.149905	0.612644	0.000000	0.000000	0.000000
5.230000	0.610000	0.149218	0.612731	0.610065	0.149868	0.612647	0.000000	0.000000	0.000000
5.240000	0.610000	0.149149	0.612731	0.610066	0.149828	0.612650	0.000000	0.000000	0.000000
5.250000	0.610000	0.149077	0.612731	0.610066	0.149785	0.612653	0.000000	0.000000	0.000000
5.260000	0.610000	0.149001	0.612731	0.610066	0.149739	0.612656	0.000000	0.000000	0.000000
5.270000	0.610000	0.148923	0.612731	0.610066	0.149690	0.612659	0.000000	0.000000	0.000000
5.280000	0.610000	0.148842	0.612731	0.610067	0.149639	0.612662	0.000000	0.000000	0.000000
5.290000	0.610000	0.148758	0.612731	0.610067	0.149584	0.612665	0.000000	0.000000	0.000000
5.300000	0.610000	0.148672	0.612731	0.610067	0.149527	0.612668	0.000000	0.000000	0.000000
5.310000	0.610000	0.148582	0.612731	0.610067	0.149466	0.612671	0.000000	0.000000	0.000000
5.320000	0.610000	0.148489	0.612731	0.610067	0.149403	0.612674	0.000000	0.000000	0.000000
5.330000	0.610000	0.148394	0.612731	0.610067	0.149337	0.612676	0.000000	0.000000	0.000000
5.340000	0.610000	0.148295	0.612731	0.610067	0.149268	0.612679	0.000000	0.000000	0.000000
5.350000	0.610000	0.148194	0.612731	0.610067	0.149196	0.612681	0.000000	0.000000	0.000000
5.360000	0.610000	0.148090	0.612731	0.610067	0.149121	0.612683	0.000000	0.000000	0.000000
5.370000	0.610000	0.147982	0.612731	0.610067	0.149043	0.612685	0.000000	0.000000	0.000000
5.380000	0.610000	0.147872	0.612731	0.610067	0.148962	0.612687	0.000000	0.000000	0.000000
5.390000	0.610000	0.147759	0.612731	0.610067	0.148879	0.612689	0.000000	0.000000	0.000000
5.400000	0.610000	0.147644	0.612731	0.610066	0.148792	0.612691	0.000000	0.000000	0.000000
5.410000	0.610000	0.147525	0.612731	0.610066	0.148703	0.612692	0.000000	0.000000	0.000000
5.420000	0.610000	0.147404	0.612731	0.610066	0.148611	0.612694	0.000000	0.000000	0.000000
5.430000	0.610000	0.147279	0.612731	0.610066	0.148516	0.612695	0.000000	0.000000	0.000000
5.440000	0.610000	0.147152	0.612731	0.610066	0.148418	0.612696	0.000000	0.000000	0.000000
5.450000	0.610000	0.147022	0.612731	0.610066	0.148317	0.612697	0.000000	0.000000	0.000000
5.460000	0.610000	0.146889	0.612731	0.610066	0.148213	0.612698	0.000000	0.000000	0.000000
5.470000	0.610000	0.146753	0.612731	0.610066	0.148107	0.612699	0.000000	0.000000	0.000000
5.480000	0.610000	0.146615	0.612731	0.610065	0.147997	0.612700	0.000000	0.000000	0.000000
5.490000	0.610000	0.146473	0.612731	0.610065	0.147885	0.612700	0.000000	0.000000	0.000000
5.500000	0.610000	0.146329	0.612731	0.610065	0.147770	0.612701	0.000000	0.000000	0.000000
5.510000	0.610000	0.146182	0.612731	0.610065	0.147652	0.612702	0.000000	0.000000	0.000000
5.520000	0.610000	0.146032	0.612731	0.610065	0.147531	0.612702	0.000000	0.000000	0.000000
5.530000	0.610000	0.145880	0.612731	0.610065	0.147407	0.612703	0.000000	0.000000	0.000000
5.540000	0.610000	0.145724	0.612731	0.610064	0.147280	0.612703	0.000000	0.000000	0.000000
5.550000	0.610000	0.145566	0.612731	0.610064	0.147151	0.612703	0.000000	0.000000	0.000000
5.560000	0.610000	0.145405	0.612731	0.610064	0.147019	0.612704	0.000000	0.000000	0.000000
5.570000	0.610000	0.145241	0.612731	0.610064	0.146884	0.612704	0.000000	0.000000	0.000000
5.580000	0.610000	0.145075	0.612731	0.610064	0.146746	0.612705	0.000000	0.000000	0.000000
5.590000	0.610000	0.144905	0.612731	0.610064	0.146605	0.612705	0.000000	0.000000	0.000000
5.600000	0.610000	0.144733	0.612731	0.610063	0.146461	0.612705	0.000000	0.000000	0.000000
5.610000	0.610000	0.144558	0.612731	0.610063	0.146315	0.612705	0.000000	0.000000	0.000000
5.620000	0.610000	0.144381	0.612731	0.610063	0.146165	0.612706	0.000000	0.000000	0.000000
5.630000	0.610000	0.144200	0.612731	0.610063	0.146013	0.612706	0.000000	0.000000	0.000000
5.640000	0.610000	0.144017	0.612731	0.610063	0.145858	0.612706	0.000000	0.000000	0.000000
5.650000	0.610000	0.143832	0.612731	0.610063	0.145701	0.612707	0.000000	0.000000	0.000000
5.660000	0.610000	0.143643	0.612731	0.610062	0.145540	0.612707	0.000000	0.000000	0.000000
5.670000	0.610000	0.143452	0.612731	0.610062	0.145377	0.612707	0.000000	0.000000	0.000000
5.680000	0.610000	0.143258	0.612731	0.610062	0.145211	0.612708	0.000000	0.000000	0.000000
5.690000	0.610000	0.143061	0.612731	0.610062	0.145042	0.612708	0.000000	0.000000	0.000000
5.700000	0.610000	0.142862	0.612731	0.610062	0.144871	0.612708	0.000000	0.000000	0.000000
5.710000	0.610000	0.142660	0.612731	0.610062	0.144696	0.612709	0.000000	0.000000	0.000000
5.720000	0.610000	0.142455	0.612731	0.610061	0.144519	0.612709	0.000000	0.000000	0.000000
5.730000	0.610000	0.142248	0.612731	0.610061	0.144339	0.612710	0.000000	0.000000	0.000000
5.740000	0.610000	0.142038	0.612731	0.610061	0.144157	0.612710	0.000000	0.000000	0.000000
5.750000	0.610000	0.141825	0.612731	0.610061	0.143971	0.612711	0.000000	0.000000	0.000000
5.760000	0.610000	0.141610	0.612731	0.610061	0.143783	0.612711	0.000000	0.000000	0.000000
5.770000	0.610000	0.141392	0.612731	0.610060	0.143592	0.612712	0.000000	0.000000	0.000000
5.780000	0.610000	0.141172	0.612731	0.610060	0.143399	0.612712	0.000000	0.000000	0.000000
5.790000	0.610000	0.140949	0.612731	0.610060	0.143203	0.612713	0.000000	0.000000	0.000000
5.800000	0.610000	0.140723	0.612731	0.610060	0.143004	0.612713	0.000000	0.000000	0.000000
5.810000	0.610000	0.140495	0.612731	0.610060	0.142802	0.612714	0.000000	0.000000	0.000000
5.820000	0.610000	0.140264	0.612731	0.610059	0.142598	0.612714	0.000000	0.000000	0.000000
5.830000	0.610000	0.140030	0.612731	0.610059	0.142391	0.612715	0.000000	0.000000	0.000000
5.840000	0.610000	0.139794	0.612731	0.610059	0.142182	0.612715	0.000000	0.000000	0.000000
5.850000	0.610000	0.139556	0.612731	0.610059	0.141969	0.612716	0.000000	0.000000	0.000000
5.860000	0.610000	0.139314	0.612731	0.610059	0.141754	0.612717	0.000000	0.000000	0.000000
5.870000	0.610000	0.139071	0.612731	0.610058	0.141537	0.612717	0.000000	0.000000	0.000000
5.880000	0.610000	0.138825	0.612731	0.610058	0.141317	0.612718	0.000000	0.000000	0.000000
5.890000	0.610000	0.138576	0.612731	0.610058	0.141094	0.612719	0.000000	0.000000	0.000000
5.900000	0.610000	0.138325	0.612731	0.610058	0.140869	0.612719	0.000000	0.000000	0.000000
5.910000	0.610000	0.138071	0.612731	0.610057	0.140641	0.612720	0.000000	0.000000	0.000000
5.920000	0.610000	0.137815	0.612731	0.610057	0.140410	0.612721	0.000000	0.000000	0.000000
5.930000	0.610000	0.137556	0.612731	0.610057	0.140177	0.612721	0.000000	0.000000	0.000000
5.940000	0.610000	0.137295	0.612731	0.610057	0.139941	0.612722	0.000000	0.000000	0.000000
5.950000	0.610000	0.137031	0.612731	0.610056	0.139703	0.612722	0.000000	0.000000	0.000000
5.960000	0.610000	0.136765	0.612731	0.610056	0.139462	0.612723	0.000000	0.000000	0.000000
5.970000	0.610000	0.136496	0.612731	0.610056	0.139219	0.612724	0.000000	0.000000	0.000000
5.980000	0.610000	0.136225	0.612731	0.610055	0.138973	0.612724	0.000000	0.000000	0.000000
5.990000	0.610000	0.135952	0.612731	0.610055	0.138724	0.612725	0.000000	0.000000	0.000000
6.000000	0.610000	0.135676	0.612731	0.610055	0.138473	0.612726	0.000000	0.000000	0.000000
6.010000	0.610000	0.135398	0.612731	0.610055	0.138220	0.612726	0.000000	0.000000	0.000000
6.020000	0.610000	0.135118	0.612731	0.610054	0.137964	0.612727	0.000000	0.000000	0.000000
6.030000	0.610000	0.134835	0.612731	0.610054	0.137706	0.612728	0.000000	0.000000	0.000000
6.040000	0.610000	0.134549	0.612731	0.610054	0.137445	0.612728	0.000000	0.000000	0.000000
6.050000	0.610000	0.134262	0.612731	0.610053	0.137181	0.612729	0.000000	0.000000	0.000000
6.060000	0.610000	0.133972	0.612731	0.610053	0.136916	0.612730	0.000000	0.000000	0.000000
6.070000	0.610000	0.133679	0.612731	0.610053	0.136647	0.612730	0.000000	0.000000	0.000000
6.080000	0.610000	0.133385	0.612731	0.610052	0.136377	0.612731	0.000000	0.000000	0.000000
6.090000	0.610000	0.133088	0.612731	0.610052	0.136104	0.612731	0.000000	0.000000	0.000000
6.100000	0.610000	0.132788	0.612731	0.610052	0.135828	0.612732	0.000000	0.000000	0.000000
6.110000	0.610000	0.132487	0.612731	0.610051	0.135550	0.612733	0.000000	0.000000	0.000000
6.120000	0.610000	0.132183	0.612731	0.610051	0.135270	0.612733	0.000000	0.000000	0.000000
6.130000	0.610000	0.131877	0.612731	0.610051	0.134987	0.612734	0.000000	0.000000	0.000000
6.140000	0.610000	0.131569	0.612731	0.610050	0.134702	0.612734	0.000000	0.000000	0.000000
6.150000	0.610000	0.131258	0.612731	0.610050	0.134415	0.612735	0.000000	0.000000	0.000000
6.160000	0.610000	0.130946	0.612731	0.610050	0.134125	0.612736	0.000000	0.000000	0.000000
6.170000	0.610000	0.130631	0.612731	0.610049	0.133833	0.612736	0.000000	0.000000	0.000000
6.180000	0.610000	0.130313	0.612731	0.610049	0.133538	0.612737	0.000000	0.000000	0.000000
6.190000	0.610000	0.129994	0.612731	0.610048	0.133242	0.612737	0.000000	0.000000	0.000000
6.200000	0.610000	0.129673	0.612731	0.610048	0.132943	0.612738	0.000000	0.000000	0.000000
6.210000	0.610000	0.129349	0.612731	0.610048	0.132641	0.612738	0.000000	0.000000	0.000000
6.220000	0.610000	0.129023	0.612731	0.610047	0.132338	0.612739	0.000000	0.000000	0.000000
6.230000	0.610000	0.128695	0.612731	0.610047	0.132032	0.612739	0.000000	0.000000	0.000000
6.240000	0.610000	0.128365	0.612731	0.610046	0.131724	0.612740	0.000000	0.000000	0.000000
6.250000	0.610000	0.128033	0.612731	0.610046	0.131414	0.612740	0.000000	0.000000	0.000000
6.260000	0.610000	0.127699	0.612731	0.610046	0.131101	0.612741	0.000000	0.000000	0.000000
6.270000	0.610000	0.127362	0.612731	0.610045	0.130786	0.612741	0.000000	0.000000	0.000000
6.280000	0.610000	0.127024	0.612731	0.610045	0.130469	0.612742	0.000000	0.000000	0.000000
6.290000	0.610000	0.126684	0.612731	0.610044	0.130150	0.612742	0.000000	0.000000	0.000000
6.300000	0.610000	0.126341	0.612731	0.610044	0.129829	0.612743	0.000000	0.000000	0.000000
6.310000	0.610000	0.125997	0.612731	0.610044	0.129505	0.612743	0.000000	0.000000	0.000000
6.320000	0.610000	0.125650	0.612731	0.610043	0.129180	0.612744	0.000000	0.000000	0.000000
6.330000	0.610000	0.125301	0.612731	0.610043	0.128852	0.612744	0.000000	0.000000	0.000000
6.340000	0.610000	0.124951	0.612731	0.610042	0.128522	0.612745	0.000000	0.000000	0.000000
6.350000	0.610000	0.124598	0.612731	0.610042	0.128190	0.612745	0.000000	0.000000	0.000000
6.360000	0.610000	0.124244	0.612731	0.610041	0.127856	0.612746	0.000000	0.000000	0.000000
6.370000	0.610000	0.123888	0.612731	0.610041	0.127520	0.612746	0.000000	0.000000	0.000000
6.380000	0.610000	0.123529	0.612731	0.610041	0.127181	0.612747	0.000000	0.000000	0.000000
6.390000	0.610000	0.123169	0.612731	0.610040	0.126841	0.612747	0.000000	0.000000	0.000000
6.400000	0.610000	0.122807	0.612731	0.610040	0.126499	0.612748	0.000000	0.000000	0.000000
6.410000	0.610000	0.122443	0.612731	0.610039	0.126154	0.612748	0.000000	0.000000	0.000000
6.420000	0.610000	0.122077	0.612731	0.610039	0.125808	0.612749	0.000000	0.000000	0.000000
6.430000	0.610000	0.121709	0.612731	0.610038	0.125460	0.612749	0.000000	0.000000	0.000000
6.440000	0.610000	0.121339	0.612731	0.610038	0.125109	0.612750	0.000000	0.000000	0.000000
6.450000	0.610000	0.120968	0.612731	0.610037	0.124757	0.612750	0.000000	0.000000	0.000000
6.460000	0.610000	0.120595	0.612731	0.610037	0.124402	0.612750	0.000000	0.000000	0.000000
6.470000	0.610000	0.120220	0.612731	0.610036	0.124046	0.612751	0.000000	0.000000	0.000000
6.480000	0.610000	0.119843	0.612731	0.610036	0.123688	0.612751	0.000000	0.000000	0.000000
6.490000	0.610000	0.119464	0.612731	0.610035	0.123328	0.612752	0.000000	0.000000	0.000000
6.500000	0.610000	0.119084	0.612731	0.610035	0.122966	0.612752	0.000000	0.000000	0.000000
6.510000	0.610000	0.118702	0.612731	0.610034	0.122602	0.612753	0.000000	0.000000	0.000000
6.520000	0.610000	0.118318	0.612731	0.610034	0.122236	0.612753	0.000000	0.000000	0.000000
6.530000	0.610000	0.117932	0.612731	0.610033	0.121868	0.612753	0.000000	0.000000	0.000000
6.540000	0.610000	0.117545	0.612731	0.610033	0.121499	0.612754	0.000000	0.000000	0.000000
6.550000	0.610000	0.117156	0.612731	0.610032	0.121127	0.612754	0.000000	0.000000	0.000000
6.560000	0.610000	0.116766	0.612731	0.610032	0.120754	0.612755	0.000000	0.000000	0.000000
6.570000	0.610000	0.116373	0.612731	0.610031	0.120379	0.612755	0.000000	0.000000	0.000000
6.580000	0.610000	0.115980	0.612731	0.610031	0.120002	0.612755	0.000000	0.000000	0.000000
6.590000	0.610000	0.115584	0.612731	0.610030	0.119624	0.612756	0.000000	0.000000	0.000000
6.600000	0.610000	0.115187	0.612731	0.610030	0.119243	0.612756	0.000000	0.000000	0.000000
6.610000	0.610000	0.114788	0.612731	0.610029	0.118861	0.612756	0.000000	0.000000	0.000000
6.620000	0.610000	0.114388	0.612731	0.610029	0.118477	0.612757	0.000000	0.000000	0.000000
6.630000	0.610000	0.113986	0.612731	0.610028	0.118092	0.612757	0.000000	0.000000	0.000000
6.640000	0.610000	0.113583	0.612731	0.610028	0.117705	0.612757	0.000000	0.000000	0.000000
6.650000	0.610000	0.113178	0.612731	0.610027	0.117316	0.612758	0.000000	0.000000	0.000000
6.660000	0.610000	0.112772	0.612731	0.610027	0.116925	0.612758	0.000000	0.000000	0.000000
6.670000	0.610000	0.112364	0.612731	0.610026	0.116533	0.612758	0.000000	0.000000	0.000000
6.680000	0.610000	0.111955	0.612731	0.610026	0.116139	0.612759	0.000000	0.000000	0.000000
6.690000	0.610000	0.111544	0.612731	0.610025	0.115744	0.612759	0.000000	0.000000	0.000000
6.700000	0.610000	0.111132	0.612731	0.610025	0.115347	0.612759	0.000000	0.000000	0.000000
6.710000	0.610000	0.110718	0.612731	0.610024	0.114948	0.612760	0.000000	0.000000	0.000000
6.720000	0.610000	0.110303	0.612731	0.610024	0.114548	0.612760	0.000000	0.000000	0.000000
6.730000	0.610000	0.109886	0.612731	0.610023	0.114146	0.612760	0.000000	0.000000	0.000000
6.740000	0.610000	0.109468	0.612731	0.610022	0.113742	0.612761	0.000000	0.000000	0.000000
6.750000	0.610000	0.109049	0.612731	0.610022	0.113338	0.612761	0.000000	0.000000	0.000000
6.760000	0.610000	0.108629	0.612731	0.610021	0.112931	0.612761	0.000000	0.000000	0.000000
6.770000	0.610000	0.108207	0.612731	0.610021	0.112523	0.612761	0.000000	0.000000	0.000000
6.780000	0.610000	0.107784	0.612731	0.610020	0.112114	0.612762	0.000000	0.000000	0.000000
6.790000	0.610000	0.107359	0.612731	0.610020	0.111703	0.612762	0.000000	0.000000	0.000000
6.800000	0.610000	0.106933	0.612731	0.610019	0.111291	0.612762	0.000000	0.000000	0.000000
6.810000	0.610000	0.106506	0.612731	0.610019	0.110877	0.612762	0.000000	0.000000	0.000000
6.820000	0.610000	0.106078	0.612731	0.610018	0.110462	0.612763	0.000000	0.000000	0.000000
6.830000	0.610000	0.105649	0.612731	0.610018	0.110045	0.612763	0.000000	0.000000	0.000000
6.840000	0.610000	0.105218	0.612731	0.610017	0.109627	0.612763	0.000000	0.000000	0.000000
6.850000	0.610000	0.104786	0.612731	0.610016	0.109208	0.612763	0.000000	0.000000	0.000000
6.860000	0.610000	0.104353	0.612731	0.610016	0.108787	0.612764	0.000000	0.000000	0.000000
6.870000	0.610000	0.103919	0.612731	0.610015	0.108365	0.612764	0.000000	0.000000	0.000000
6.880000	0.610000	0.103483	0.612731	0.610015	0.107942	0.612764	0.000000	0.000000	0.000000
6.890000	0.610000	0.103047	0.612731	0.610014	0.107518	0.612764	0.000000	0.000000	0.000000
6.900000	0.610000	0.102609	0.612731	0.610014	0.107092	0.612764	0.000000	0.000000	0.000000
6.910000	0.610000	0.102171	0.612731	0.610013	0.106665	0.612765	0.000000	0.000000	0.000000
6.920000	0.610000	0.101731	0.612731	0.610013	0.106236	0.612765	0.000000	0.000000	0.000000
6.930000	0.610000	0.101290	0.612731	0.610012	0.105807	0.612765	0.000000	0.000000	0.000000
6.940000	0.610000	0.100848	0.612731	0.610011	0.105376	0.612765	0.000000	0.000000	0.000000
6.950000	0.610000	0.100405	0.612731	0.610011	0.104944	0.612765	0.000000	0.000000	0.000000
6.960000	0.610000	0.099961	0.612731	0.610010	0.104510	0.612765	0.000000	0.000000	0.000000
6.970000	0.610000	0.099517	0.612731	0.610010	0.104076	0.612766	0.000000	0.000000	0.000000
6.980000	0.610000	0.099071	0.612731	0.610009	0.103641	0.612766	0.000000	0.000000	0.000000
6.990000	0.610000	0.098624	0.612731	0.610009	0.103204	0.612766	0.000000	0.000000	0.000000
7.000000	0.610000	0.098176	0.612731	0.610008	0.102766	0.612766	0.000000	0.000000	0.000000
7.010000	0.610000	0.097728	0.612731	0.610008	0.102327	0.612766	0.000000	0.000000	0.000000
7.020000	0.610000	0.097278	0.612731	0.610007	0.101887	0.612766	0.000000	0.000000	0.000000
7.030000	0.610000	0.096828	0.612731	0.610006	0.101446	0.612766	0.000000	0.000000	0.000000
7.040000	0.610000	0.096376	0.612731	0.610006	0.101004	0.612767	0.000000	0.000000	0.000000
7.050000	0.610000	0.095924	0.612731	0.610005	0.100561	0.612767	0.000000	0.000000	0.000000
7.060000	0.610000	0.095471	0.612731	0.610005	0.100117	0.612767	0.000000	0.000000	0.000000
7.070000	0.610000	0.095018	0.612731	0.610004	0.099672	0.612767	0.000000	0.000000	0.000000
7.080000	0.610000	0.094563	0.612731	0.610004	0.099226	0.612767	0.000000	0.000000	0.000000
7.090000	0.610000	0.094108	0.612731	0.610003	0.098779	0.612767	0.000000	0.000000	0.000000
7.100000	0.610000	0.093652	0.612731	0.610003	0.098331	0.612767	0.000000	0.000000	0.000000
7.110000	0.610000	0.093195	0.612731	0.610002	0.097882	0.612767	0.000000	0.000000	0.000000
7.120000	0.610000	0.092737	0.612731	0.610001	0.097432	0.612767	0.000000	0.000000	0.000000
7.130000	0.610000	0.092279	0.612731	0.610001	0.096982	0.612767	0.000000	0.000000	0.000000
7.140000	0.610000	0.091820	0.612731	0.610000	0.096530	0.612767	0.000000	0.000000	0.000000
7.150000	0.610000	0.091361	0.612731	0.610000	0.096078	0.612767	0.000000	0.000000	0.000000
7.160000	0.610000	0.090901	0.612731	0.609999	0.095625	0.612768	0.000000	0.000000	0.000000
7.170000	0.610000	0.090440	0.612731	0.609999	0.095171	0.612768	0.000000	0.000000	0.000000
7.180000	0.610000	0.089978	0.612731	0.609998	0.094716	0.612768	0.000000	0.000000	0.000000
7.190000	0.610000	0.089516	0.612731	0.609998	0.094260	0.612768	0.000000	0.000000	0.000000
7.200000	0.610000	0.089054	0.612731	0.609997	0.093804	0.612768	0.000000	0.000000	0.000000
7.210000	0.610000	0.088590	0.612731	0.609997	0.093347	0.612768	0.000000	0.000000	0.000000
7.220000	0.610000	0.088127	0.612731	0.609996	0.092889	0.612768	0.000000	0.000000	0.000000
7.230000	0.610000	0.087663	0.612731	0.609995	0.092431	0.612768	0.000000	0.000000	0.000000
7.240000	0.610000	0.087198	0.612731	0.609995	0.091971	0.612768	0.000000	0.000000	0.000000
7.250000	0.610000	0.086733	0.612731	0.609994	0.091512	0.612768	0.000000	0.000000	0.000000
7.260000	0.610000	0.086267	0.612731	0.609994	0.091051	0.612768	0.000000	0.000000	0.000000
7.270000	0.610000	0.085801	0.612731	0.609993	0.090590	0.612768	0.000000	0.000000	0.000000
7.280000	0.610000	0.085334	0.612731	0.609993	0.090128	0.612768	0.000000	0.000000	0.000000
7.290000	0.610000	0.084867	0.612731	0.609992	0.089666	0.612768	0.000000	0.000000	0.000000
7.300000	0.610000	0.084400	0.612731	0.609992	0.089203	0.612768	0.000000	0.000000	0.000000
7.310000	0.610000	0.083932	0.612731	0.609991	0.088739	0.612768	0.000000	0.000000	0.000000
7.320000	0.610000	0.083464	0.612731	0.609991	0.088275	0.612768	0.000000	0.000000	0.000000
7.330000	0.610000	0.082996	0.612731	0.609990	0.087811	0.612768	0.000000	0.000000	0.000000
7.340000	0.610000	0.082527	0.612731	0.609990	0.087346	0.612768	0.000000	0.000000	0.000000
7.350000	0.610000	0.082058	0.612731	0.609989	0.086880	0.612768	0.000000	0.000000	0.000000
7.360000	0.610000	0.081589	0.612731	0.609989	0.086414	0.612768	0.000000	0.000000	0.000000
7.370000	0.610000	0.081119	0.612731	0.609988	0.085947	0.612767	0.000000	0.000000	0.000000
7.380000	0.610000	0.080650	0.612731	0.609988	0.085481	0.612767	0.000000	0.000000	0.000000
7.390000	0.610000	0.080180	0.612731	0.609987	0.085013	0.612767	0.000000	0.000000	0.000000
7.400000	0.610000	0.079709	0.612731	0.609987	0.084545	0.612767	0.000000	0.000000	0.000000
7.410000	0.610000	0.079239	0.612731	0.609986	0.084077	0.612767	0.000000	0.000000	0.000000
7.420000	0.610000	0.078768	0.612731	0.609986	0.083609	0.612767	0.000000	0.000000	0.000000
7.430000	0.610000	0.078298	0.612731	0.609985	0.083140	0.612767	0.000000	0.000000	0.000000
7.440000	0.610000	0.077827	0.612731	0.609985	0.082671	0.612767	0.000000	0.000000	0.000000
7.450000	0.610000	0.077356	0.612731	0.609984	0.082202	0.612767	0.000000	0.000000	0.000000
7.460000	0.610000	0.076885	0.612731	0.609984	0.081732	0.612767	0.000000	0.000000	0.000000
7.470000	0.610000	0.076414	0.612731	0.609983	0.081262	0.612767	0.000000	0.000000	0.000000
7.480000	0.610000	0.075942	0.612731	0.609983	0.080792	0.612767	0.000000	0.000000	0.000000
7.490000	0.610000	0.075471	0.612731	0.609982	0.080321	0.612767	0.000000	0.000000	0.000000
7.500000	0.610000	0.075000	0.612731	0.609982	0.079851	0.612766	0.000000	0.000000	0.000000
7.510000	0.610000	0.074529	0.612731	0.609981	0.079380	0.612766	0.000000	0.000000	0.000000
7.520000	0.610000	0.074058	0.612731	0.609981	0.078909	0.612766	0.000000	0.000000	0.000000
7.530000	0.610000	0.073586	0.612731	0.609981	0.078437	0.612766	0.000000	0.000000	0.000000
7.540000	0.610000	0.073115	0.612731	0.609980	0.077966	0.612766	0.000000	0.000000	0.000000
7.550000	0.610000	0.072644	0.612731	0.609980	0.077495	0.612766	0.000000	0.000000	0.000000
7.560000	0.610000	0.072173	0.612731	0.609979	0.077023	0.612766	0.000000	0.000000	0.000000
7.570000	0.610000	0.071702	0.612731	0.609979	0.076552	0.612766	0.000000	0.000000	0.000000
7.580000	0.610000	0.071232	0.612731	0.609978	0.076080	0.612765	0.000000	0.000000	0.000000
7.590000	0.610000	0.070761	0.612731	0.609978	0.075608	0.612765	0.000000	0.000000	0.000000
7.600000	0.610000	0.070291	0.612731	0.609977	0.075136	0.612765	0.000000	0.000000	0.000000
7.610000	0.610000	0.069820	0.612731	0.609977	0.074665	0.612765	0.000000	0.000000	0.000000
7.620000	0.610000	0.069350	0.612731	0.609977	0.074193	0.612765	0.000000	0.000000	0.000000
7.630000	0.610000	0.068881	0.612731	0.609976	0.073721	0.612765	0.000000	0.000000	0.000000
7.640000	0.610000	0.068411	0.612731	0.609976	0.073250	0.612765	0.000000	0.000000	0.000000
7.650000	0.610000	0.067942	0.612731	0.609975	0.072778	0.612764	0.000000	0.000000	0.000000
7.660000	0.610000	0.067473	0.612731	0.609975	0.072307	0.612764	0.000000	0.000000	0.000000
7.670000	0.610000	0.067004	0.612731	0.609975	0.071835	0.612764	0.000000	0.000000	0.000000
7.680000	0.610000	0.066536	0.612731	0.609974	0.071364	0.612764	0.000000	0.000000	0.000000
7.690000	0.610000	0.066068	0.612731	0.609974	0.070893	0.612764	0.000000	0.000000	0.000000
7.700000	0.610000	0.065600	0.612731	0.609973	0.070422	0.612764	0.000000	0.000000	0.000000
7.710000	0.610000	0.065133	0.612731	0.609973	0.069951	0.612763	0.000000	0.000000	0.000000
7.720000	0.610000	0.064666	0.612731	0.609973	0.069481	0.612763	0.000000	0.000000	0.000000
7.730000	0.610000	0.064199	0.612731	0.609972	0.069010	0.612763	0.000000	0.000000	0.000000
7.740000	0.610000	0.063733	0.612731	0.609972	0.068540	0.612763	0.000000	0.000000	0.000000
7.750000	0.610000	0.063267	0.612731	0.609971	0.068070	0.612763	0.000000	0.000000	0.000000
7.760000	0.610000	0.062802	0.612731	0.609971	0.067601	0.612763	0.000000	0.000000	0.000000
7.770000	0.610000	0.062337	0.612731	0.609971	0.067131	0.612762	0.000000	0.000000	0.000000
7.780000	0.610000	0.061873	0.612731	0.609970	0.066662	0.612762	0.000000	0.000000	0.000000
7.790000	0.610000	0.061410	0.612731	0.609970	0.066194	0.612762	0.000000	0.000000	0.000000
7.800000	0.610000	0.060946	0.612731	0.609970	0.065725	0.612762	0.000000	0.000000	0.000000
7.810000	0.610000	0.060484	0.612731	0.609969	0.065257	0.612762	0.000000	0.000000	0.000000
7.820000	0.610000	0.060022	0.612731	0.609969	0.064790	0.612761	0.000000	0.000000	0.000000
7.830000	0.610000	0.059560	0.612731	0.609969	0.064323	0.612761	0.000000	0.000000	0.000000
7.840000	0.610000	0.059099	0.612731	0.609968	0.063856	0.612761	0.000000	0.000000	0.000000
7.850000	0.610000	0.058639	0.612731	0.609968	0.063390	0.612761	0.000000	0.000000	0.000000
7.860000	0.610000	0.058180	0.612731	0.609968	0.062924	0.612760	0.000000	0.000000	0.000000
7.870000	0.610000	0.057721	0.612731	0.609967	0.062459	0.612760	0.000000	0.000000	0.000000
7.880000	0.610000	0.057263	0.612731	0.609967	0.061994	0.612760	0.000000	0.000000	0.000000
7.890000	0.610000	0.056805	0.612731	0.609967	0.061529	0.612760	0.000000	0.000000	0.000000
7.900000	0.610000	0.056348	0.612731	0.609966	0.061065	0.612760	0.000000	0.000000	0.000000
7.910000	0.610000	0.055892	0.612731	0.609966	0.060602	0.612759	0.000000	0.000000	0.000000
7.920000	0.610000	0.055437	0.612731	0.609966	0.060140	0.612759	0.000000	0.000000	0.000000
7.930000	0.610000	0.054982	0.612731	0.609966	0.059677	0.612759	0.000000	0.000000	0.000000
7.940000	0.610000	0.054529	0.612731	0.609965	0.059216	0.612759	0.000000	0.000000	0.000000
7.950000	0.610000	0.054076	0.612731	0.609965	0.058755	0.612759	0.000000	0.000000	0.000000
7.960000	0.610000	0.053624	0.612731	0.609965	0.058295	0.612758	0.000000	0.000000	0.000000
7.970000	0.610000	0.053172	0.612731	0.609965	0.057835	0.612758	0.000000	0.000000	0.000000
7.980000	0.610000	0.052722	0.612731	0.609964	0.057376	0.612758	0.000000	0.000000	0.000000
7.990000	0.610000	0.052272	0.612731	0.609964	0.056918	0.612758	0.000000	0.000000	0.000000
8.000000	0.610000	0.051824	0.612731	0.609964	0.056461	0.612757	0.000000	0.000000	0.000000
8.010000	0.610000	0.051376	0.612731	0.609964	0.056004	0.612757	0.000000	0.000000	0.000000
8.020000	0.610000	0.050929	0.612731	0.609963	0.055548	0.612757	0.000000	0.000000	0.000000
8.030000	0.610000	0.050483	0.612731	0.609963	0.055093	0.612757	0.000000	0.000000	0.000000
8.040000	0.610000	0.050039	0.612731	0.609963	0.054638	0.612756	0.000000	0.000000	0.000000
8.050000	0.610000	0.049595	0.612731	0.609963	0.054184	0.612756	0.000000	0.000000	0.000000
8.060000	0.610000	0.049152	0.612731	0.609962	0.053732	0.612756	0.000000	0.000000	0.000000
8.070000	0.610000	0.048710	0.612731	0.609962	0.053280	0.612756	0.000000	0.000000	0.000000
8.080000	0.610000	0.048269	0.612731	0.609962	0.052828	0.612755	0.000000	0.000000	0.000000
8.090000	0.610000	0.047829	0.612731	0.609962	0.052378	0.612755	0.000000	0.000000	0.000000
8.100000	0.610000	0.047391	0.612731	0.609962	0.051929	0.612755	0.000000	0.000000	0.000000
8.110000	0.610000	0.046953	0.612731	0.609961	0.051480	0.612755	0.000000	0.000000	0.000000
8.120000	0.610000	0.046517	0.612731	0.609961	0.051033	0.612754	0.000000	0.000000	0.000000
8.130000	0.610000	0.046081	0.612731	0.609961	0.050586	0.612754	0.000000	0.000000	0.000000
8.140000	0.610000	0.045647	0.612731	0.609961	0.050141	0.612754	0.000000	0.000000	0.000000
8.150000	0.610000	0.045214	0.612731	0.609961	0.049696	0.612754	0.000000	0.000000	0.000000
8.160000	0.610000	0.044782	0.612731	0.609960	0.049252	0.612753	0.000000	0.000000	0.000000
8.170000	0.610000	0.044351	0.612731	0.609960	0.048810	0.612753	0.000000	0.000000	0.000000
8.180000	0.610000	0.043922	0.612731	0.609960	0.048368	0.612753	0.000000	0.000000	0.000000
8.190000	0.610000	0.043494	0.612731	0.609960	0.047928	0.612753	0.000000	0.000000	0.000000
8.200000	0.610000	0.043067	0.612731	0.609960	0.047488	0.612752	0.000000	0.000000	0.000000
8.210000	0.610000	0.042641	0.612731	0.609960	0.047050	0.612752	0.000000	0.000000	0.000000
8.220000	0.610000	0.042216	0.612731	0.609960	0.046612	0.612752	0.000000	0.000000	0.000000
8.230000	0.610000	0.041793	0.612731	0.609959	0.046176	0.612752	0.000000	0.000000	0.000000
8.240000	0.610000	0.041371	0.612731	0.609959	0.045741	0.612751	0.000000	0.000000	0.000000
8.250000	0.610000	0.040951	0.612731	0.609959	0.045307	0.612751	0.000000	0.000000	0.000000
8.260000	0.610000	0.040532	0.612731	0.609959	0.044875	0.612751	0.000000	0.000000	0.000000
8.270000	0.610000	0.040114	0.612731	0.609959	0.044443	0.612751	0.000000	0.000000	0.000000
8.280000	0.610000	0.039697	0.612731	0.609959	0.044013	0.612750	0.000000	0.000000	0.000000
8.290000	0.610000	0.039282	0.612731	0.609959	0.043584	0.612750	0.000000	0.000000	0.000000
8.300000	0.610000	0.038868	0.612731	0.609959	0.043156	0.612750	0.000000	0.000000	0.000000
8.310000	0.610000	0.038456	0.612731	0.609959	0.042729	0.612750	0.000000	0.000000	0.000000
8.320000	0.610000	0.038045	0.612731	0.609959	0.042304	0.612750	0.000000	0.000000	0.000000
8.330000	0.610000	0.037636	0.612731	0.609958	0.041880	0.612749	0.000000	0.000000	0.000000
8.340000	0.610000	0.037228	0.612731	0.609958	0.041457	0.612749	0.000000	0.000000	0.000000
8.350000	0.610000	0.036822	0.612731	0.609958	0.041036	0.612749	0.000000	0.000000	0.000000
8.360000	0.610000	0.036417	0.612731	0.609958	0.040616	0.612749	0.000000	0.000000	0.000000
8.370000	0.610000	0.036014	0.612731	0.609958	0.040197	0.612748	0.000000	0.000000	0.000000
8.380000	0.610000	0.035612	0.612731	0.609958	0.039780	0.612748	0.000000	0.000000	0.000000
8.390000	0.610000	0.035212	0.612731	0.609958	0.039364	0.612748	0.000000	0.000000	0.000000
8.400000	0.610000	0.034813	0.612731	0.609958	0.038949	0.612748	0.000000	0.000000	0.000000
8.410000	0.610000	0.034416	0.612731	0.609958	0.038536	0.612747	0.000000	0.000000	0.000000
8.420000	0.610000	0.034020	0.612731	0.609958	0.038125	0.612747	0.000000	0.000000	0.000000
8.430000	0.610000	0.033627	0.612731	0.609958	0.037715	0.612747	0.000000	0.000000	0.000000
8.440000	0.610000	0.033234	0.612731	0.609958	0.037306	0.612747	0.000000	0.000000	0.000000
8.450000	0.610000	0.032844	0.612731	0.609958	0.036899	0.612746	0.000000	0.000000	0.000000
8.460000	0.610000	0.032455	0.612731	0.609958	0.036493	0.612746	0.000000	0.000000	0.000000
8.470000	0.610000	0.032068	0.612731	0.609958	0.036089	0.612746	0.000000	0.000000	0.000000
8.480000	0.610000	0.031682	0.612731	0.609958	0.035686	0.612746	0.000000	0.000000	0.000000
8.490000	0.610000	0.031298	0.612731	0.609958	0.035285	0.612745	0.000000	0.000000	0.000000
8.500000	0.610000	0.030916	0.612731	0.609958	0.034885	0.612745	0.000000	0.000000	0.000000
8.510000	0.610000	0.030536	0.612731	0.609958	0.034487	0.612745	0.000000	0.000000	0.000000
8.520000	0.610000	0.030157	0.612731	0.609958	0.034091	0.612745	0.000000	0.000000	0.000000
8.530000	0.610000	0.029780	0.612731	0.609958	0.033696	0.612745	0.000000	0.000000	0.000000
8.540000	0.610000	0.029405	0.612731	0.609958	0.033303	0.612744	0.000000	0.000000	0.000000
8.550000	0.610000	0.029032	0.612731	0.609958	0.032912	0.612744	0.000000	0.000000	0.000000
8.560000	0.610000	0.028661	0.612731	0.609958	0.032522	0.612744	0.000000	0.000000	0.000000
8.570000	0.610000	0.028291	0.612731	0.609958	0.032134	0.612744	0.000000	0.000000	0.000000
8.580000	0.610000	0.027923	0.612731	0.609958	0.031747	0.612743	0.000000	0.000000	0.000000
8.590000	0.610000	0.027557	0.612731	0.609958	0.031362	0.612743	0.000000	0.000000	0.000000
8.600000	0.610000	0.027193	0.612731	0.609958	0.030979	0.612743	0.000000	0.000000	0.000000
8.610000	0.610000	0.026831	0.612731	0.609958	0.030598	0.612743	0.000000	0.000000	0.000000
8.620000	0.610000	0.026471	0.612731	0.609958	0.030219	0.612743	0.000000	0.000000	0.000000
8.630000	0.610000	0.026112	0.612731	0.609959	0.029841	0.612742	0.000000	0.000000	0.000000
8.640000	0.610000	0.025756	0.612731	0.609959	0.029465	0.612742	0.000000	0.000000	0.000000
8.650000	0.610000	0.025402	0.612731	0.609959	0.029091	0.612742	0.000000	0.000000	0.000000
8.660000	0.610000	0.025049	0.612731	0.609959	0.028718	0.612742	0.000000	0.000000	0.000000
8.670000	0.610000	0.024699	0.612731	0.609959	0.028348	0.612742	0.000000	0.000000	0.000000
8.680000	0.610000	0.024350	0.612731	0.609959	0.027979	0.612741	0.000000	0.000000	0.000000
8.690000	0.610000	0.024003	0.612731	0.609959	0.027612	0.612741	0.000000	0.000000	0.000000
8.700000	0.610000	0.023659	0.612731	0.609959	0.027247	0.612741	0.000000	0.000000	0.000000
8.710000	0.610000	0.023316	0.612731	0.609959	0.026884	0.612741	0.000000	0.000000	0.000000
8.720000	0.610000	0.022976	0.612731	0.609959	0.026523	0.612741	0.000000	0.000000	0.000000
8.730000	0.610000	0.022638	0.612731	0.609959	0.026164	0.612740	0.000000	0.000000	0.000000
8.740000	0.610000	0.022301	0.612731	0.609960	0.025806	0.612740	0.000000	0.000000	0.000000
8.750000	0.610000	0.021967	0.612731	0.609960	0.025451	0.612740	0.000000	0.000000	0.000000
8.760000	0.610000	0.021635	0.612731	0.609960	0.025098	0.612740	0.000000	0.000000	0.000000
8.770000	0.610000	0.021305	0.612731	0.609960	0.024746	0.612740	0.000000	0.000000	0.000000
8.780000	0.610000	0.020977	0.612731	0.609960	0.024397	0.612739	0.000000	0.000000	0.000000
8.790000	0.610000	0.020651	0.612731	0.609960	0.024049	0.612739	0.000000	0.000000	0.000000
8.800000	0.610000	0.020327	0.612731	0.609960	0.023704	0.612739	0.000000	0.000000	0.000000
8.810000	0.610000	0.020006	0.612731	0.609960	0.023360	0.612739	0.000000	0.000000	0.000000
8.820000	0.610000	0.019687	0.612731	0.609961	0.023019	0.612739	0.000000	0.000000	0.000000
8.830000	0.610000	0.019369	0.612731	0.609961	0.022679	0.612739	0.000000	0.000000	0.000000
8.840000	0.610000	0.019054	0.612731	0.609961	0.022342	0.612738	0.000000	0.000000	0.000000
8.850000	0.610000	0.018742	0.612731	0.609961	0.022007	0.612738	0.000000	0.000000	0.000000
8.860000	0.610000	0.018431	0.612731	0.609961	0.021674	0.612738	0.000000	0.000000	0.000000
8.870000	0.610000	0.018123	0.612731	0.609961	0.021343	0.612738	0.000000	0.000000	0.000000
8.880000	0.610000	0.017817	0.612731	0.609962	0.021014	0.612738	0.000000	0.000000	0.000000
8.890000	0.610000	0.017513	0.612731	0.609962	0.020687	0.612738	0.000000	0.000000	0.000000
8.900000	0.610000	0.017212	0.612731	0.609962	0.020362	0.612738	0.000000	0.000000	0.000000
8.910000	0.610000	0.016912	0.612731	0.609962	0.020040	0.612737	0.000000	0.000000	0.000000
8.920000	0.610000	0.016615	0.612731	0.609962	0.019720	0.612737	0.000000	0.000000	0.000000
8.930000	0.610000	0.016321	0.612731	0.609962	0.019402	0.612737	0.000000	0.000000	0.000000
8.940000	0.610000	0.016028	0.612731	0.609963	0.019086	0.612737	0.000000	0.000000	0.000000
8.950000	0.610000	0.015738	0.612731	0.609963	0.018772	0.612737	0.000000	0.000000	0.000000
8.960000	0.610000	0.015451	0.612731	0.609963	0.018460	0.612737	0.000000	0.000000	0.000000
8.970000	0.610000	0.015165	0.612731	0.609963	0.018151	0.612737	0.000000	0.000000	0.000000
8.980000	0.610000	0.014882	0.612731	0.609963	0.017844	0.612737	0.000000	0.000000	0.000000
8.990000	0.610000	0.014602	0.612731	0.609964	0.017539	0.612736	0.000000	0.000000	0.000000
9.000000	0.610000	0.014324	0.612731	0.609964	0.017237	0.612736	0.000000	0.000000	0.000000
9.010000	0.610000	0.014048	0.612731	0.609964	0.016937	0.612736	0.000000	0.000000	0.000000
9.020000	0.610000	0.013775	0.612731	0.609964	0.016639	0.612736	0.000000	0.000000	0.000000
9.030000	0.610000	0.013504	0.612731	0.609964	0.016343	0.612736	0.000000	0.000000	0.000000
9.040000	0.610000	0.013235	0.612731	0.609965	0.016050	0.612736	0.000000	0.000000	0.000000
9.050000	0.610000	0.012969	0.612731	0.609965	0.015759	0.612736	0.000000	0.000000	0.000000
9.060000	0.610000	0.012705	0.612731	0.609965	0.015470	0.612736	0.000000	0.000000	0.000000
9.070000	0.610000	0.012444	0.612731	0.609965	0.015184	0.612736	0.000000	0.000000	0.000000
9.080000	0.610000	0.012185	0.612731	0.609965	0.014900	0.612736	0.000000	0.000000	0.000000
9.090000	0.610000	0.011929	0.612731	0.609966	0.014619	0.612736	0.000000	0.000000	0.000000
9.100000	0.610000	0.011675	0.612731	0.609966	0.014339	0.612735	0.000000	0.000000	0.000000
9.110000	0.610000	0.011424	0.612731	0.609966	0.014063	0.612735	0.000000	0.000000	0.000000
9.120000	0.610000	0.011175	0.612731	0.609966	0.013788	0.612735	0.000000	0.000000	0.000000
9.130000	0.610000	0.010929	0.612731	0.609967	0.013516	0.612735	0.000000	0.000000	0.000000
9.140000	0.610000	0.010686	0.612731	0.609967	0.013247	0.612735	0.000000	0.000000	0.000000
9.150000	0.610000	0.010444	0.612731	0.609967	0.012980	0.612735	0.000000	0.000000	0.000000
9.160000	0.610000	0.010206	0.612731	0.609967	0.012715	0.612735	0.000000	0.000000	0.000000
9.170000	0.610000	0.009970	0.612731	0.609968	0.012453	0.612735	0.000000	0.000000	0.000000
9.180000	0.610000	0.009736	0.612731	0.609968	0.012193	0.612735	0.000000	0.000000	0.000000
9.190000	0.610000	0.009505	0.612731	0.609968	0.011936	0.612735	0.000000	0.000000	0.000000
9.200000	0.610000	0.009277	0.612731	0.609968	0.011681	0.612735	0.000000	0.000000	0.000000
9.210000	0.610000	0.009051	0.612731	0.609968	0.011429	0.612735	0.000000	0.000000	0.000000
9.220000	0.610000	0.008828	0.612731	0.609969	0.011179	0.612735	0.000000	0.000000	0.000000
9.230000	0.610000	0.008608	0.612731	0.609969	0.010932	0.612735	0.000000	0.000000	0.000000
9.240000	0.610000	0.008390	0.612731	0.609969	0.010687	0.612735	0.000000	0.000000	0.000000
9.250000	0.610000	0.008175	0.612731	0.609969	0.010445	0.612735	0.000000	0.000000	0.000000
9.260000	0.610000	0.007962	0.612731	0.609970	0.010206	0.612735	0.000000	0.000000	0.000000
9.270000	0.610000	0.007752	0.612731	0.609970	0.009969	0.612735	0.000000	0.000000	0.000000
9.280000	0.610000	0.007545	0.612731	0.609970	0.009734	0.612735	0.000000	0.000000	0.000000
9.290000	0.610000	0.007340	0.612731	0.609970	0.009502	0.612735	0.000000	0.000000	0.000000
9.300000	0.610000	0.007138	0.612731	0.609971	0.009273	0.612735	0.000000	0.000000	0.000000
9.310000	0.610000	0.006939	0.612731	0.609971	0.009046	0.612735	0.000000	0.000000	0.000000
9.320000	0.610000	0.006742	0.612731	0.609971	0.008822	0.612735	0.000000	0.000000	0.000000
9.330000	0.610000	0.006548	0.612731	0.609971	0.008601	0.612735	0.000000	0.000000	0.000000
9.340000	0.610000	0.006357	0.612731	0.609972	0.008382	0.612735	0.000000	0.000000	0.000000
9.350000	0.610000	0.006168	0.612731	0.609972	0.008166	0.612735	0.000000	0.000000	0.000000
9.360000	0.610000	0.005983	0.612731	0.609972	0.007952	0.612735	0.000000	0.000000	0.000000
9.370000	0.610000	0.005800	0.612731	0.609972	0.007741	0.612735	0.000000	0.000000	0.000000
9.380000	0.610000	0.005619	0.612731	0.609973	0.007533	0.612735	0.000000	0.000000	0.000000
9.390000	0.610000	0.005442	0.612731	0.609973	0.007327	0.612735	0.000000	0.000000	0.000000
9.400000	0.610000	0.005267	0.612731	0.609973	0.007124	0.612735	0.000000	0.000000	0.000000
9.410000	0.610000	0.005095	0.612731	0.609973	0.006924	0.612735	0.000000	0.000000	0.000000
9.420000	0.610000	0.004925	0.612731	0.609974	0.006726	0.612735	0.000000	0.000000	0.000000
9.430000	0.610000	0.004759	0.612731	0.609974	0.006532	0.612735	0.000000	0.000000	0.000000
9.440000	0.610000	0.004595	0.612731	0.609974	0.006339	0.612735	0.000000	0.000000	0.000000
9.450000	0.610000	0.004434	0.612731	0.609974	0.006150	0.612735	0.000000	0.000000	0.000000
9.460000	0.610000	0.004276	0.612731	0.609975	0.005963	0.612735	0.000000	0.000000	0.000000
9.470000	0.610000	0.004120	0.612731	0.609975	0.005779	0.612736	0.000000	0.000000	0.000000
9.480000	0.610000	0.003968	0.612731	0.609975	0.005598	0.612736	0.000000	0.000000	0.000000
9.490000	0.610000	0.003818	0.612731	0.609975	0.005419	0.612736	0.000000	0.000000	0.000000
9.500000	0.610000	0.003671	0.612731	0.609975	0.005243	0.612736	0.000000	0.000000	0.000000
9.510000	0.610000	0.003527	0.612731	0.609976	0.005070	0.612736	0.000000	0.000000	0.000000
9.520000	0.610000	0.003385	0.612731	0.609976	0.004900	0.612736	0.000000	0.000000	0.000000
9.530000	0.610000	0.003247	0.612731	0.609976	0.004733	0.612736	0.000000	0.000000	0.000000
9.540000	0.610000	0.003111	0.612731	0.609976	0.004568	0.612736	0.000000	0.000000	0.000000
9.550000	0.610000	0.002978	0.612731	0.609977	0.004406	0.612736	0.000000	0.000000	0.000000
9.560000	0.610000	0.002848	0.612731	0.609977	0.004247	0.612736	0.000000	0.000000	0.000000
9.570000	0.610000	0.002721	0.612731	0.609977	0.004090	0.612737	0.000000	0.000000	0.000000
9.580000	0.610000	0.002596	0.612731	0.609977	0.003937	0.612737	0.000000	0.000000	0.000000
9.590000	0.610000	0.002475	0.612731	0.609978	0.003786	0.612737	0.000000	0.000000	0.000000
9.600000	0.610000	0.002356	0.612731	0.609978	0.003638	0.612737	0.000000	0.000000	0.000000
9.610000	0.610000	0.002241	0.612731	0.609978	0.003493	0.612737	0.000000	0.000000	0.000000
9.620000	0.610000	0.002128	0.612731	0.609978	0.003350	0.612737	0.000000	0.000000	0.000000
9.630000	0.610000	0.002018	0.612731	0.609978	0.003211	0.612737	0.000000	0.000000	0.000000
9.640000	0.610000	0.001910	0.612731	0.609979	0.003074	0.612737	0.000000	0.000000	0.000000
9.650000	0.610000	0.001806	0.612731	0.609979	0.002940	0.612738	0.000000	0.000000	0.000000
9.660000	0.610000	0.001705	0.612731	0.609979	0.002809	0.612738	0.000000	0.000000	0.000000
9.670000	0.610000	0.001606	0.612731	0.609979	0.002681	0.612738	0.000000	0.000000	0.000000
9.680000	0.610000	0.001511	0.612731	0.609980	0.002556	0.612738	0.000000	0.000000	0.000000
9.690000	0.610000	0.001418	0.612731	0.609980	0.002434	0.612738	0.000000	0.000000	0.000000
9.700000	0.610000	0.001328	0.612731	0.609980	0.002314	0.612738	0.000000	0.000000	0.000000
9.710000	0.610000	0.001242	0.612731	0.609980	0.002197	0.612739	0.000000	0.000000	0.000000
9.720000	0.610000	0.001158	0.612731	0.609980	0.002084	0.612739	0.000000	0.000000	0.000000
9.730000	0.610000	0.001077	0.612731	0.609981	0.001973	0.612739	0.000000	0.000000	0.000000
9.740000	0.610000	0.000999	0.612731	0.609981	0.001865	0.612739	0.000000	0.000000	0.000000
9.750000	0.610000	0.000923	0.612731	0.609981	0.001759	0.612739	0.000000	0.000000	0.000000
9.760000	0.610000	0.000851	0.612731	0.609981	0.001657	0.612740	0.000000	0.000000	0.000000
9.770000	0.610000	0.000782	0.612731	0.609981	0.001558	0.612740	0.000000	0.000000	0.000000
9.780000	0.610000	0.000715	0.612731	0.609982	0.001461	0.612740	0.000000	0.000000	0.000000
9.790000	0.610000	0.000652	0.612731	0.609982	0.001368	0.612740	0.000000	0.000000	0.000000
9.800000	0.610000	0.000591	0.612731	0.609982	0.001277	0.612740	0.000000	0.000000	0.000000
9.810000	0.610000	0.000534	0.612731	0.609982	0.001189	0.612741	0.000000	0.000000	0.000000
9.820000	0.610000	0.000479	0.612731	0.609982	0.001104	0.612741	0.000000	0.000000	0.000000
9.830000	0.610000	0.000427	0.612731	0.609982	0.001022	0.612741	0.000000	0.000000	0.000000
9.840000	0.610000	0.000379	0.612731	0.609983	0.000943	0.612741	0.000000	0.000000	0.000000
9.850000	0.610000	0.000333	0.612731	0.609983	0.000867	0.612741	0.000000	0.000000	0.000000
9.860000	0.610000	0.000290	0.612731	0.609983	0.000794	0.612742	0.000000	0.000000	0.000000
9.870000	0.610000	0.000250	0.612731	0.609983	0.000724	0.612742	0.000000	0.000000	0.000000
9.880000	0.610000	0.000213	0.612731	0.609983	0.000657	0.612742	0.000000	0.000000	0.000000
9.890000	0.610000	0.000179	0.612731	0.609983	0.000592	0.612742	0.000000	0.000000	0.000000
9.900000	0.610000	0.000148	0.612731	0.609984	0.000531	0.612743	0.000000	0.000000	0.000000
9.910000	0.610000	0.000120	0.612731	0.609984	0.000472	0.612743	0.000000	0.000000	0.000000
9.920000	0.610000	0.000095	0.612731	0.609984	0.000417	0.612743	0.000000	0.000000	0.000000
9.930000	0.610000	0.000073	0.612731	0.609984	0.000364	0.612743	0.000000	0.000000	0.000000
9.940000	0.610000	0.000053	0.612731	0.609984	0.000315	0.612744	0.000000	0.000000	0.000000
9.950000	0.610000	0.000037	0.612731	0.609984	0.000268	0.612744	0.000000	0.000000	0.000000
9.960000	0.610000	0.000024	0.612731	0.609984	0.000224	0.612744	0.000000	0.000000	0.000000
9.970000	0.610000	0.000013	0.612731	0.609985	0.000183	0.612745	0.000000	0.000000	0.000000
9.980000	0.610000	0.000006	0.612731	0.609985	0.000146	0.612745	0.000000	0.000000	0.000000
9.990000	0.610000	0.000001	0.612731	0.609985	0.000111	0.612745	0.000000	0.000000	0.000000
10.000000	0.610000	0.000000	0.612731	0.609985	0.000079	0.612745	0.000000	0.000000	0.000000
