Time [s]	Pos_0_x [m]	Pos_0_y [m]	Pos_0_z [m]	Pos_x [m]	Pos_y [m]	Pos_z [m]	Force_x [N]	Force_y [N]	Force_z [N]
0.000000	0.610000	0.000000	0.612731	0.610000	0.000000	0.612731	0.000000	0.000000	0.000000
0.010000	0.610000	0.000010	0.612731	0.610000	0.000000	0.612731	0.000000	0.000000	0.000754
0.020000	0.610000	0.000021	0.612731	0.610000	0.000001	0.612731	0.000000	0.000000	0.001523
0.030000	0.610000	0.000031	0.612731	0.610000	0.000003	0.612731	0.000000	0.000000	0.002307
0.040000	0.610000	0.000042	0.612731	0.610000	0.000005	0.612731	0.000000	0.000000	0.003107
0.050000	0.610000	0.000052	0.612731	0.610000	0.000008	0.612731	0.000000	0.000000	0.003924
0.060000	0.610000	0.000063	0.612731	0.610000	0.000012	0.612732	0.000000	0.000000	0.004757
0.070000	0.610000	0.000074	0.612731	0.610000	0.000016	0.612732	0.000000	0.000000	0.005607
0.080000	0.610000	0.000085	0.612731	0.610000	0.000021	0.612733	0.000000	0.000000	0.006474
0.090000	0.610000	0.000096	0.612731	0.610000	0.000026	0.612733	0.000000	0.000000	0.007358
0.100000	0.610000	0.000107	0.612731	0.610000	0.000032	0.612734	0.000000	0.000000	0.008261
0.110000	0.610000	0.000118	0.612731	0.610000	0.000039	0.612735	0.000000	0.000000	0.009181
0.120000	0.610000	0.000130	0.612731	0.610000	0.000045	0.612736	0.000000	0.000000	0.010120
0.130000	0.610000	0.000141	0.612731	0.610000	0.000052	0.612737	0.000000	0.000000	0.011078
0.140000	0.610000	0.000153	0.612731	0.610000	0.000060	0.612738	0.000000	0.000000	0.012056
0.150000	0.610000	0.000165	0.612731	0.610000	0.000068	0.612740	0.000000	0.000000	0.013053
0.160000	0.610000	0.000177	0.612731	0.610000	0.000076	0.612741	0.000000	0.000000	0.014071
0.170000	0.610000	0.000189	0.612731	0.610000	0.000085	0.612743	0.000000	0.000000	0.015109
0.180000	0.610000	0.000201	0.612731	0.610000	0.000094	0.612744	0.000000	0.000000	0.016168
0.190000	0.610000	0.000213	0.612731	0.610000	0.000103	0.612746	0.000000	0.000000	0.017248
0.200000	0.610000	0.000225	0.612731	0.610001	0.000113	0.612748	0.000000	0.000000	0.018350
0.210000	0.610000	0.000238	0.612731	0.610001	0.000122	0.612750	0.000000	0.000000	0.019474
0.220000	0.610000	0.000250	0.612731	0.610001	0.000132	0.612752	0.000000	0.000000	0.020622
0.230000	0.610000	0.000263	0.612731	0.610001	0.000143	0.612754	0.000000	0.000000	0.021792
0.240000	0.610000	0.000276	0.612731	0.610001	0.000153	0.612756	0.000000	0.000000	0.022986
0.250000	0.610000	0.000289	0.612731	0.610001	0.000164	0.612759	0.000000	0.000000	0.024204
0.260000	0.610000	0.000302	0.612731	0.610001	0.000175	0.612761	0.000000	0.000000	0.025447
0.270000	0.610000	0.000315	0.612731	0.610001	0.000186	0.612764	0.000000	0.000000	0.026714
0.280000	0.610000	0.000329	0.612731	0.610001	0.000198	0.612766	0.000000	0.000000	0.028008
0.290000	0.610000	0.000342	0.612731	0.610001	0.000210	0.612769	0.000000	0.000000	0.029327
0.300000	0.610000	0.000356	0.612731	0.610001	0.000221	0.612772	0.000000	0.000000	0.030673
0.310000	0.610000	0.000370	0.612731	0.610001	0.000233	0.612774	0.000000	0.000000	0.032047
0.320000	0.610000	0.000384	0.612731	0.610001	0.000246	0.612777	0.000000	0.000000	0.033448
0.330000	0.610000	0.000398	0.612731	0.610001	0.000258	0.612780	0.000000	0.000000	0.034877
0.340000	0.610000	0.000412	0.612731	0.610001	0.000271	0.612783	0.000000	0.000000	0.036335
0.350000	0.610000	0.000426	0.612731	0.610001	0.000283	0.612786	0.000000	0.000000	0.037823
0.360000	0.610000	0.000441	0.612731	0.610001	0.000296	0.612790	0.000000	0.000000	0.039341
0.370000	0.610000	0.000456	0.612731	0.610001	0.000309	0.612793	0.000000	0.000000	0.040889
0.380000	0.610000	0.000470	0.612731	0.610001	0.000323	0.612796	0.000000	0.000000	0.042469
0.390000	0.610000	0.000485	0.612731	0.610001	0.000336	0.612800	0.000000	0.000000	0.044081
0.400000	0.610000	0.000500	0.612731	0.610001	0.000350	0.612803	0.000000	0.000000	0.045725
0.410000	0.610000	0.000516	0.612731	0.610001	0.000363	0.612807	0.000000	0.000000	0.047402
0.420000	0.610000	0.000531	0.612731	0.610001	0.000377	0.612810	0.000000	0.000000	0.049114
0.430000	0.610000	0.000547	0.612731	0.610001	0.000391	0.612814	0.000000	0.000000	0.050860
0.440000	0.610000	0.000562	0.612731	0.610001	0.000405	0.612817	0.000000	0.000000	0.052641
0.450000	0.610000	0.000578	0.612731	0.610002	0.000420	0.612821	0.000000	0.000000	0.054458
0.460000	0.610000	0.000594	0.612731	0.610002	0.000434	0.612825	0.000000	0.000000	0.056312
0.470000	0.610000	0.000611	0.612731	0.610002	0.000449	0.612829	0.000000	0.000000	0.058203
0.480000	0.610000	0.000627	0.612731	0.610002	0.000464	0.612833	0.000000	0.000000	0.060133
0.490000	0.610000	0.000643	0.612731	0.610002	0.000479	0.612837	0.000000	0.000000	0.062101
0.500000	0.610000	0.000660	0.612731	0.610002	0.000494	0.612841	0.000000	0.000000	0.064109
0.510000	0.610000	0.000677	0.612731	0.610002	0.000509	0.612845	0.000000	0.000000	0.066158
0.520000	0.610000	0.000694	0.612731	0.610002	0.000525	0.612850	0.000000	0.000000	0.068248
0.530000	0.610000	0.000711	0.612731	0.610002	0.000540	0.612854	0.000000	0.000000	0.070381
0.540000	0.610000	0.000729	0.612731	0.610002	0.000556	0.612858	0.000000	0.000000	0.072556
0.550000	0.610000	0.000746	0.612731	0.610002	0.000572	0.612863	0.000000	0.000000	0.074776
0.560000	0.610000	0.000764	0.612731	0.610002	0.000588	0.612868	0.000000	0.000000	0.077040
0.570000	0.610000	0.000782	0.612731	0.610002	0.000605	0.612872	0.000000	0.000000	0.079350
0.580000	0.610000	0.000800	0.612731	0.610002	0.000621	0.612877	0.000000	0.000000	0.081707
0.590000	0.610000	0.000818	0.612731	0.610002	0.000638	0.612882	0.000000	0.000000	0.084111
0.600000	0.610000	0.000837	0.612731	0.610002	0.000654	0.612887	0.000000	0.000000	0.086564
0.610000	0.610000	0.000855	0.612731	0.610002	0.000671	0.612892	0.000000	0.000000	0.089066
0.620000	0.610000	0.000874	0.612731	0.610002	0.000688	0.612897	0.000000	0.000000	0.091619
0.630000	0.610000	0.000893	0.612731	0.610002	0.000706	0.612902	0.000000	0.000000	0.094224
0.640000	0.610000	0.000912	0.612731	0.610002	0.000723	0.612908	0.000000	0.000000	0.096881
0.650000	0.610000	0.000932	0.612731	0.610002	0.000741	0.612913	0.000000	0.000000	0.099592
0.660000	0.610000	0.000951	0.612731	0.610002	0.000758	0.612919	0.000000	0.000000	0.102357
0.670000	0.610000	0.000971	0.612731	0.610002	0.000776	0.612924	0.000000	0.000000	0.105179
0.680000	0.610000	0.000991	0.612731	0.610002	0.000795	0.612930	0.000000	0.000000	0.108057
0.690000	0.610000	0.001011	0.612731	0.610002	0.000813	0.612936	0.000000	0.000000	0.110994
0.700000	0.610000	0.001032	0.612731	0.610002	0.000831	0.612942	0.000000	0.000000	0.113990
0.710000	0.610000	0.001052	0.612731	0.610002	0.000850	0.612948	0.000000	0.000000	0.117046
0.720000	0.610000	0.001073	0.612731	0.610002	0.000869	0.612955	0.000000	0.000000	0.120164
0.730000	0.610000	0.001094	0.612731	0.610002	0.000888	0.612961	0.000000	0.000000	0.123346
0.740000	0.610000	0.001115	0.612731	0.610002	0.000907	0.612967	0.000000	0.000000	0.126591
0.750000	0.610000	0.001137	0.612731	0.610002	0.000927	0.612974	0.000000	0.000000	0.129902
0.760000	0.610000	0.001158	0.612731	0.610002	0.000946	0.612981	0.000000	0.000000	0.133280
0.770000	0.610000	0.001180	0.612731	0.610002	0.000966	0.612988	0.000000	0.000000	0.136726
0.780000	0.610000	0.001202	0.612731	0.610003	0.000986	0.612995	0.000000	0.000000	0.140242
0.790000	0.610000	0.001225	0.612731	0.610003	0.001006	0.613002	0.000000	0.000000	0.143829
0.800000	0.610000	0.001247	0.612731	0.610003	0.001027	0.613009	0.000000	0.000000	0.147488
0.810000	0.610000	0.001270	0.612731	0.610003	0.001047	0.613017	0.000000	0.000000	0.151221
0.820000	0.610000	0.001293	0.612731	0.610003	0.001068	0.613025	0.000000	0.000000	0.155030
0.830000	0.610000	0.001316	0.612731	0.610003	0.001089	0.613032	0.000000	0.000000	0.158915
0.840000	0.610000	0.001339	0.612731	0.610003	0.001110	0.613040	0.000000	0.000000	0.162879
0.850000	0.610000	0.001363	0.612731	0.610003	0.001132	0.613048	0.000000	0.000000	0.166923
0.860000	0.610000	0.001387	0.612731	0.610003	0.001154	0.613057	0.000000	0.000000	0.171049
0.870000	0.610000	0.001411	0.612731	0.610003	0.001175	0.613065	0.000000	0.000000	0.175258
0.880000	0.610000	0.001436	0.612731	0.610003	0.001198	0.613074	0.000000	0.000000	0.179553
0.890000	0.610000	0.001460	0.612731	0.610003	0.001220	0.613083	0.000000	0.000000	0.183933
0.900000	0.610000	0.001485	0.612731	0.610003	0.001242	0.613092	0.000000	0.000000	0.188403
0.910000	0.610000	0.001510	0.612731	0.610003	0.001265	0.613101	0.000000	0.000000	0.192963
0.920000	0.610000	0.001536	0.612731	0.610003	0.001288	0.613110	0.000000	0.000000	0.197614
0.930000	0.610000	0.001561	0.612731	0.610003	0.001311	0.613120	0.000000	0.000000	0.202360
0.940000	0.610000	0.001587	0.612731	0.610003	0.001335	0.613129	0.000000	0.000000	0.207202
0.950000	0.610000	0.001614	0.612731	0.610003	0.001359	0.613139	0.000000	0.000000	0.212141
0.960000	0.610000	0.001640	0.612731	0.610003	0.001382	0.613150	0.000000	0.000000	0.217181
0.970000	0.610000	0.001667	0.612731	0.610004	0.001407	0.613160	0.000000	0.000000	0.222322
0.980000	0.610000	0.001694	0.612731	0.610004	0.001431	0.613170	0.000000	0.000000	0.227567
0.990000	0.610000	0.001721	0.612731	0.610004	0.001456	0.613181	0.000000	0.000000	0.232917
1.000000	0.610000	0.001748	0.612731	0.610004	0.001481	0.613192	0.000000	0.000000	0.238376
1.010000	0.610000	0.001776	0.612731	0.610004	0.001506	0.613203	0.000000	0.000000	0.243946
1.020000	0.610000	0.001804	0.612731	0.610004	0.001531	0.613215	0.000000	0.000000	0.249627
1.030000	0.610000	0.001833	0.612731	0.610004	0.001557	0.613227	0.000000	0.000000	0.255424
1.040000	0.610000	0.001861	0.612731	0.610004	0.001583	0.613238	0.000000	0.000000	0.261337
1.050000	0.610000	0.001890	0.612731	0.610004	0.001609	0.613251	0.000000	0.000000	0.267371
1.060000	0.610000	0.001919	0.612731	0.610004	0.001635	0.613263	0.000000	0.000000	0.273525
1.070000	0.610000	0.001949	0.612731	0.610004	0.001662	0.613276	0.000000	0.000000	0.279805
1.080000	0.610000	0.001979	0.612731	0.610004	0.001689	0.613289	0.000000	0.000000	0.286211
1.090000	0.610000	0.002009	0.612731	0.610004	0.001716	0.613302	0.000000	0.000000	0.292746
1.100000	0.610000	0.002039	0.612731	0.610005	0.001744	0.613315	0.000000	0.000000	0.299414
1.110000	0.610000	0.002070	0.612731	0.610005	0.001772	0.613329	0.000000	0.000000	0.306216
1.120000	0.610000	0.002101	0.612731	0.610005	0.001800	0.613343	0.000000	0.000000	0.313156
1.130000	0.610000	0.002132	0.612731	0.610005	0.001828	0.613357	0.000000	0.000000	0.320236
1.140000	0.610000	0.002164	0.612731	0.610005	0.001857	0.613372	0.000000	0.000000	0.327459
1.150000	0.610000	0.002196	0.612731	0.610005	0.001886	0.613386	0.000000	0.000000	0.334828
1.160000	0.610000	0.002228	0.612731	0.610005	0.001915	0.613402	0.000000	0.000000	0.342345
1.170000	0.610000	0.002261	0.612731	0.610005	0.001944	0.613417	0.000000	0.000000	0.350015
1.180000	0.610000	0.002294	0.612731	0.610005	0.001974	0.613433	0.000000	0.000000	0.357839
1.190000	0.610000	0.002327	0.612731	0.610005	0.002004	0.613449	0.000000	0.000000	0.365822
1.200000	0.610000	0.002361	0.612731	0.610005	0.002035	0.613465	0.000000	0.000000	0.373966
1.210000	0.610000	0.002395	0.612731	0.610006	0.002065	0.613482	0.000000	0.000000	0.382274
1.220000	0.610000	0.002429	0.612731	0.610006	0.002096	0.613499	0.000000	0.000000	0.390750
1.230000	0.610000	0.002464	0.612731	0.610006	0.002128	0.613516	0.000000	0.000000	0.399398
1.240000	0.610000	0.002499	0.612731	0.610006	0.002159	0.613534	0.000000	0.000000	0.408220
1.250000	0.610000	0.002534	0.612731	0.610006	0.002191	0.613552	0.000000	0.000000	0.417220
1.260000	0.610000	0.002570	0.612731	0.610006	0.002224	0.613571	0.000000	0.000000	0.426402
1.270000	0.610000	0.002606	0.612731	0.610006	0.002256	0.613590	0.000000	0.000000	0.435770
1.280000	0.610000	0.002642	0.612731	0.610006	0.002289	0.613609	0.000000	0.000000	0.445327
1.290000	0.610000	0.002679	0.612731	0.610007	0.002322	0.613628	0.000000	0.000000	0.455076
1.300000	0.610000	0.002716	0.612731	0.610007	0.002356	0.613648	0.000000	0.000000	0.465023
1.310000	0.610000	0.002754	0.612731	0.610007	0.002390	0.613669	0.000000	0.000000	0.475171
1.320000	0.610000	0.002792	0.612731	0.610007	0.002424	0.613690	0.000000	0.000000	0.485524
1.330000	0.610000	0.002830	0.612731	0.610007	0.002459	0.613711	0.000000	0.000000	0.496086
1.340000	0.610000	0.002869	0.612731	0.610007	0.002494	0.613733	0.000000	0.000000	0.506861
1.350000	0.610000	0.002908	0.612731	0.610007	0.002529	0.613755	0.000000	0.000000	0.517854
1.360000	0.610000	0.002947	0.612731	0.610007	0.002565	0.613777	0.000000	0.000000	0.529069
1.370000	0.610000	0.002987	0.612731	0.610008	0.002601	0.613800	0.000000	0.000000	0.540511
1.380000	0.610000	0.003027	0.612731	0.610008	0.002637	0.613824	0.000000	0.000000	0.552184
1.390000	0.610000	0.003068	0.612731	0.610008	0.002674	0.613848	0.000000	0.000000	0.564092
1.400000	0.610000	0.003109	0.612731	0.610008	0.002711	0.613872	0.000000	0.000000	0.576241
1.410000	0.610000	0.003150	0.612731	0.610008	0.002749	0.613897	0.000000	0.000000	0.588636
1.420000	0.610000	0.003192	0.612731	0.610008	0.002787	0.613923	0.000000	0.000000	0.601281
1.430000	0.610000	0.003234	0.612731	0.610009	0.002825	0.613949	0.000000	0.000000	0.614181
1.440000	0.610000	0.003277	0.612731	0.610009	0.002863	0.613975	0.000000	0.000000	0.627342
1.450000	0.610000	0.003320	0.612731	0.610009	0.002903	0.614002	0.000000	0.000000	0.640769
1.460000	0.610000	0.003364	0.612731	0.610009	0.002942	0.614030	0.000000	0.000000	0.654467
1.470000	0.610000	0.003408	0.612731	0.610009	0.002982	0.614058	0.000000	0.000000	0.668442
1.480000	0.610000	0.003452	0.612731	0.610009	0.003022	0.614086	0.000000	0.000000	0.682699
1.490000	0.610000	0.003497	0.612731	0.610010	0.003063	0.614116	0.000000	0.000000	0.697244
1.500000	0.610000	0.003543	0.612731	0.610010	0.003104	0.614146	0.000000	0.000000	0.712083
1.510000	0.610000	0.003589	0.612731	0.610010	0.003145	0.614176	0.000000	0.000000	0.727222
1.520000	0.610000	0.003635	0.612731	0.610010	0.003187	0.614207	0.000000	0.000000	0.742667
1.530000	0.610000	0.003682	0.612731	0.610010	0.003229	0.614239	0.000000	0.000000	0.758423
1.540000	0.610000	0.003729	0.612731	0.610011	0.003272	0.614271	0.000000	0.000000	0.774498
1.550000	0.610000	0.003777	0.612731	0.610011	0.003315	0.614304	0.000000	0.000000	0.790898
1.560000	0.610000	0.003825	0.612731	0.610011	0.003359	0.614338	0.000000	0.000000	0.807629
1.570000	0.610000	0.003873	0.612731	0.610011	0.003403	0.614372	0.000000	0.000000	0.824698
1.580000	0.610000	0.003923	0.612731	0.610012	0.003447	0.614407	0.000000	0.000000	0.842111
1.590000	0.610000	0.003972	0.612731	0.610012	0.003492	0.614443	0.000000	0.000000	0.859877
1.600000	0.610000	0.004022	0.612731	0.610012	0.003538	0.614479	0.000000	0.000000	0.878001
1.610000	0.610000	0.004073	0.612731	0.610012	0.003583	0.614517	0.000000	0.000000	0.896492
1.620000	0.610000	0.004124	0.612731	0.610012	0.003630	0.614555	0.000000	0.000000	0.915356
1.630000	0.610000	0.004176	0.612731	0.610013	0.003676	0.614593	0.000000	0.000000	0.934601
1.640000	0.610000	0.004228	0.612731	0.610013	0.003724	0.614633	0.000000	0.000000	0.954235
1.650000	0.610000	0.004281	0.612731	0.610013	0.003771	0.614673	0.000000	0.000000	0.974265
1.660000	0.610000	0.004334	0.612731	0.610014	0.003820	0.614714	0.000000	0.000000	0.994700
1.670000	0.610000	0.004388	0.612731	0.610014	0.003868	0.614756	0.000000	0.000000	1.015548
1.680000	0.610000	0.004442	0.612731	0.610014	0.003917	0.614799	0.000000	0.000000	1.036818
1.690000	0.610000	0.004497	0.612731	0.610014	0.003967	0.614843	0.000000	0.000000	1.058516
1.700000	0.610000	0.004552	0.612731	0.610015	0.004017	0.614887	0.000000	0.000000	1.080654
1.710000	0.610000	0.004608	0.612731	0.610015	0.004068	0.614933	0.000000	0.000000	1.103238
1.720000	0.610000	0.004665	0.612731	0.610015	0.004119	0.614979	0.000000	0.000000	1.126278
1.730000	0.610000	0.004722	0.612731	0.610016	0.004171	0.615026	0.000000	0.000000	1.149785
1.740000	0.610000	0.004780	0.612731	0.610016	0.004223	0.615075	0.000000	0.000000	1.173765
1.750000	0.610000	0.004838	0.612731	0.610016	0.004276	0.615124	0.000000	0.000000	1.198231
1.760000	0.610000	0.004897	0.612731	0.610016	0.004329	0.615174	0.000000	0.000000	1.223190
1.770000	0.610000	0.004956	0.612731	0.610017	0.004383	0.615225	0.000000	0.000000	1.248654
1.780000	0.610000	0.005016	0.612731	0.610017	0.004437	0.615278	0.000000	0.000000	1.274632
1.790000	0.610000	0.005077	0.612731	0.610017	0.004492	0.615331	0.000000	0.000000	1.301135
1.800000	0.610000	0.005138	0.612731	0.610018	0.004547	0.615385	0.000000	0.000000	1.328174
1.810000	0.610000	0.005200	0.612731	0.610018	0.004603	0.615441	0.000000	0.000000	1.355758
1.820000	0.610000	0.005263	0.612731	0.610019	0.004660	0.615497	0.000000	0.000000	1.383900
1.830000	0.610000	0.005326	0.612731	0.610019	0.004717	0.615555	0.000000	0.000000	1.412611
1.840000	0.610000	0.005389	0.612731	0.610019	0.004775	0.615614	0.000000	0.000000	1.441901
1.850000	0.610000	0.005454	0.612731	0.610020	0.004833	0.615674	0.000000	0.000000	1.471783
1.860000	0.610000	0.005519	0.612731	0.610020	0.004892	0.615736	0.000000	0.000000	1.502269
1.870000	0.610000	0.005585	0.612731	0.610020	0.004951	0.615798	0.000000	0.000000	1.533370
1.880000	0.610000	0.005651	0.612731	0.610021	0.005011	0.615862	0.000000	0.000000	1.565100
1.890000	0.610000	0.005718	0.612731	0.610021	0.005072	0.615927	0.000000	0.000000	1.597471
1.900000	0.610000	0.005786	0.612731	0.610022	0.005133	0.615994	0.000000	0.000000	1.630496
1.910000	0.610000	0.005854	0.612731	0.610022	0.005195	0.616061	0.000000	0.000000	1.664188
1.920000	0.610000	0.005923	0.612731	0.610023	0.005258	0.616131	0.000000	0.000000	1.698560
1.930000	0.610000	0.005993	0.612731	0.610023	0.005321	0.616201	0.000000	0.000000	1.733627
1.940000	0.610000	0.006063	0.612731	0.610023	0.005384	0.616273	0.000000	0.000000	1.769402
1.950000	0.610000	0.006134	0.612731	0.610024	0.005449	0.616347	0.000000	0.000000	1.805900
1.960000	0.610000	0.006206	0.612731	0.610024	0.005514	0.616422	0.000000	0.000000	1.843136
1.970000	0.610000	0.006279	0.612731	0.610025	0.005580	0.616498	0.000000	0.000000	1.881123
1.980000	0.610000	0.006352	0.612731	0.610025	0.005646	0.616576	0.000000	0.000000	1.919878
1.990000	0.610000	0.006426	0.612731	0.610026	0.005713	0.616656	0.000000	0.000000	1.959416
2.000000	0.610000	0.006501	0.612731	0.610026	0.005781	0.616737	0.000000	0.000000	1.999752
2.010000	0.610000	0.006577	0.612731	0.610027	0.005849	0.616820	0.000000	0.000000	2.040904
2.020000	0.610000	0.006653	0.612731	0.610027	0.005918	0.616904	0.000000	0.000000	2.082887
2.030000	0.610000	0.006730	0.612731	0.610028	0.005988	0.616990	0.000000	0.000000	2.125717
2.040000	0.610000	0.006808	0.612731	0.610029	0.006059	0.617078	0.000000	0.000000	2.169413
2.050000	0.610000	0.006887	0.612731	0.610029	0.006130	0.617168	0.000000	0.000000	2.213992
2.060000	0.610000	0.006966	0.612731	0.610030	0.006202	0.617259	0.000000	0.000000	2.259472
2.070000	0.610000	0.007046	0.612731	0.610030	0.006274	0.617353	0.000000	0.000000	2.305870
2.080000	0.610000	0.007127	0.612731	0.610031	0.006348	0.617448	0.000000	0.000000	2.353205
2.090000	0.610000	0.007209	0.612731	0.610032	0.006422	0.617545	0.000000	0.000000	2.401497
2.100000	0.610000	0.007292	0.612731	0.610032	0.006497	0.617644	0.000000	0.000000	2.450764
2.110000	0.610000	0.007375	0.612731	0.610033	0.006572	0.617746	0.000000	0.000000	2.501026
2.120000	0.610000	0.007460	0.612731	0.610033	0.006649	0.617849	0.000000	0.000000	2.552304
2.130000	0.610000	0.007545	0.612731	0.610034	0.006726	0.617954	0.000000	0.000000	2.604618
2.140000	0.610000	0.007631	0.612731	0.610035	0.006804	0.618061	0.000000	0.000000	2.657988
2.150000	0.610000	0.007718	0.612731	0.610035	0.006883	0.618171	0.000000	0.000000	2.712437
2.160000	0.610000	0.007806	0.612731	0.610036	0.006962	0.618283	0.000000	0.000000	2.767985
2.170000	0.610000	0.007894	0.612731	0.610037	0.007042	0.618397	0.000000	0.000000	2.824656
2.180000	0.610000	0.007984	0.612731	0.610038	0.007124	0.618513	0.000000	0.000000	2.882472
2.190000	0.610000	0.008074	0.612731	0.610038	0.007206	0.618632	0.000000	0.000000	2.941455
2.200000	0.610000	0.008166	0.612731	0.610039	0.007288	0.618753	0.000000	0.000000	3.001630
2.210000	0.610000	0.008258	0.612731	0.610040	0.007372	0.618877	0.000000	0.000000	3.063021
2.220000	0.610000	0.008351	0.612731	0.610041	0.007456	0.619003	0.000000	0.000000	3.125652
2.230000	0.610000	0.008446	0.612731	0.610041	0.007542	0.619131	0.000000	0.000000	3.189548
2.240000	0.610000	0.008541	0.612731	0.610042	0.007628	0.619262	0.000000	0.000000	3.254735
2.250000	0.610000	0.008637	0.612731	0.610043	0.007715	0.619396	0.000000	0.000000	3.321238
2.260000	0.610000	0.008734	0.612731	0.610044	0.007803	0.619533	0.000000	0.000000	3.389085
2.270000	0.610000	0.008832	0.612731	0.610045	0.007892	0.619672	0.000000	0.000000	3.458303
2.280000	0.610000	0.008931	0.612731	0.610046	0.007981	0.619814	0.000000	0.000000	3.528919
2.290000	0.610000	0.009031	0.612731	0.610047	0.008072	0.619959	0.000000	0.000000	3.600962
2.300000	0.610000	0.009132	0.612731	0.610047	0.008163	0.620107	0.000000	0.000000	3.674460
2.310000	0.610000	0.009234	0.612731	0.610048	0.008256	0.620258	0.000000	0.000000	3.749443
2.320000	0.610000	0.009337	0.612731	0.610049	0.008349	0.620412	0.000000	0.000000	3.825940
2.330000	0.610000	0.009441	0.612731	0.610050	0.008444	0.620569	0.000000	0.000000	3.903983
2.340000	0.610000	0.009546	0.612731	0.610051	0.008539	0.620729	0.000000	0.000000	3.983602
2.350000	0.610000	0.009652	0.612731	0.610052	0.008635	0.620893	0.000000	0.000000	4.064830
2.360000	0.610000	0.009759	0.612731	0.610053	0.008732	0.621060	0.000000	0.000000	4.147699
2.370000	0.610000	0.009868	0.612731	0.610054	0.008830	0.621230	0.000000	0.000000	4.232242
2.380000	0.610000	0.009977	0.612731	0.610055	0.008930	0.621404	0.000000	0.000000	4.318492
2.390000	0.610000	0.010087	0.612731	0.610057	0.009030	0.621581	0.000000	0.000000	4.406485
2.400000	0.610000	0.010199	0.612731	0.610058	0.009131	0.621761	0.000000	0.000000	4.496256
2.410000	0.610000	0.010312	0.612731	0.610059	0.009233	0.621946	0.000000	0.000000	4.587840
2.420000	0.610000	0.010426	0.612731	0.610060	0.009336	0.622134	0.000000	0.000000	4.681274
2.430000	0.610000	0.010541	0.612731	0.610061	0.009441	0.622326	0.000000	0.000000	4.776596
2.440000	0.610000	0.010657	0.612731	0.610062	0.009546	0.622521	0.000000	0.000000	4.873843
2.450000	0.610000	0.010774	0.612731	0.610063	0.009652	0.622721	0.000000	0.000000	4.973055
2.460000	0.610000	0.010893	0.612731	0.610065	0.009760	0.622925	0.000000	0.000000	5.074271
2.470000	0.610000	0.011012	0.612731	0.610066	0.009869	0.623133	0.000000	0.000000	5.177532
2.480000	0.610000	0.011133	0.612731	0.610067	0.009978	0.623345	0.000000	0.000000	5.282879
2.490000	0.610000	0.011255	0.612731	0.610068	0.010089	0.623561	0.000000	0.000000	5.390354
2.500000	0.610000	0.011379	0.612731	0.610070	0.010201	0.623782	0.000000	0.000000	5.500000
2.510000	0.610000	0.011503	0.612731	0.610071	0.010314	0.624007	0.000000	0.000000	0.000000
2.520000	0.610000	0.011629	0.612731	0.610068	0.010307	0.624083	0.000000	0.000000	0.000000
2.530000	0.610000	0.011756	0.612731	0.610057	0.010356	0.624040	0.000000	0.000000	0.000000
2.540000	0.610000	0.011885	0.612731	0.610040	0.010414	0.623888	0.000000	0.000000	0.000000
2.550000	0.610000	0.012014	0.612731	0.610019	0.010489	0.623640	0.000000	0.000000	0.000000
2.560000	0.610000	0.012145	0.612731	0.609995	0.010579	0.623308	0.000000	0.000000	0.000000
2.570000	0.610000	0.012278	0.612731	0.609969	0.010681	0.622905	0.000000	0.000000	0.000000
2.580000	0.610000	0.012411	0.612731	0.609941	0.010795	0.622442	0.000000	0.000000	0.000000
2.590000	0.610000	0.012546	0.612731	0.609913	0.010918	0.621931	0.000000	0.000000	0.000000
2.600000	0.610000	0.012682	0.612731	0.609884	0.011050	0.621380	0.000000	0.000000	0.000000
2.610000	0.610000	0.012820	0.612731	0.609857	0.011189	0.620801	0.000000	0.000000	0.000000
2.620000	0.610000	0.012959	0.612731	0.609830	0.011334	0.620201	0.000000	0.000000	0.000000
2.630000	0.610000	0.013100	0.612731	0.609805	0.011484	0.619590	0.000000	0.000000	0.000000
2.640000	0.610000	0.013242	0.612731	0.609782	0.011638	0.618974	0.000000	0.000000	0.000000
2.650000	0.610000	0.013385	0.612731	0.609761	0.011796	0.618360	0.000000	0.000000	0.000000
2.660000	0.610000	0.013530	0.612731	0.609743	0.011957	0.617754	0.000000	0.000000	0.000000
2.670000	0.610000	0.013676	0.612731	0.609726	0.012120	0.617161	0.000000	0.000000	0.000000
2.680000	0.610000	0.013823	0.612731	0.609713	0.012285	0.616586	0.000000	0.000000	0.000000
2.690000	0.610000	0.013973	0.612731	0.609702	0.012450	0.616033	0.000000	0.000000	0.000000
2.700000	0.610000	0.014123	0.612731	0.609693	0.012616	0.615505	0.000000	0.000000	0.000000
2.710000	0.610000	0.014275	0.612731	0.609687	0.012783	0.615005	0.000000	0.000000	0.000000
2.720000	0.610000	0.014429	0.612731	0.609684	0.012949	0.614535	0.000000	0.000000	0.000000
2.730000	0.610000	0.014584	0.612731	0.609683	0.013116	0.614096	0.000000	0.000000	0.000000
2.740000	0.610000	0.014741	0.612731	0.609684	0.013281	0.613690	0.000000	0.000000	0.000000
2.750000	0.610000	0.014900	0.612731	0.609687	0.013446	0.613317	0.000000	0.000000	0.000000
2.760000	0.610000	0.015060	0.612731	0.609692	0.013611	0.612977	0.000000	0.000000	0.000000
2.770000	0.610000	0.015221	0.612731	0.609699	0.013775	0.612671	0.000000	0.000000	0.000000
2.780000	0.610000	0.015384	0.612731	0.609708	0.013938	0.612398	0.000000	0.000000	0.000000
2.790000	0.610000	0.015549	0.612731	0.609718	0.014100	0.612157	0.000000	0.000000	0.000000
2.800000	0.610000	0.015716	0.612731	0.609730	0.014261	0.611947	0.000000	0.000000	0.000000
2.810000	0.610000	0.015884	0.612731	0.609742	0.014422	0.611767	0.000000	0.000000	0.000000
2.820000	0.610000	0.016054	0.612731	0.609755	0.014582	0.611616	0.000000	0.000000	0.000000
2.830000	0.610000	0.016225	0.612731	0.609769	0.014742	0.611493	0.000000	0.000000	0.000000
2.840000	0.610000	0.016399	0.612731	0.609783	0.014901	0.611395	0.000000	0.000000	0.000000
2.850000	0.610000	0.016574	0.612731	0.609798	0.015061	0.611320	0.000000	0.000000	0.000000
2.860000	0.610000	0.016750	0.612731	0.609813	0.015220	0.611268	0.000000	0.000000	0.000000
2.870000	0.610000	0.016929	0.612731	0.609828	0.015379	0.611237	0.000000	0.000000	0.000000
2.880000	0.610000	0.017109	0.612731	0.609843	0.015538	0.611223	0.000000	0.000000	0.000000
2.890000	0.610000	0.017292	0.612731	0.609858	0.015698	0.611227	0.000000	0.000000	0.000000
2.900000	0.610000	0.017476	0.612731	0.609872	0.015858	0.611245	0.000000	0.000000	0.000000
2.910000	0.610000	0.017661	0.612731	0.609886	0.016019	0.611277	0.000000	0.000000	0.000000
2.920000	0.610000	0.017849	0.612731	0.609900	0.016181	0.611320	0.000000	0.000000	0.000000
2.930000	0.610000	0.018039	0.612731	0.609913	0.016344	0.611372	0.000000	0.000000	0.000000
2.940000	0.610000	0.018230	0.612731	0.609925	0.016508	0.611433	0.000000	0.000000	0.000000
2.950000	0.610000	0.018424	0.612731	0.609937	0.016673	0.611501	0.000000	0.000000	0.000000
2.960000	0.610000	0.018619	0.612731	0.609948	0.016840	0.611574	0.000000	0.000000	0.000000
2.970000	0.610000	0.018816	0.612731	0.609959	0.017009	0.611651	0.000000	0.000000	0.000000
2.980000	0.610000	0.019016	0.612731	0.609968	0.017178	0.611731	0.000000	0.000000	0.000000
2.990000	0.610000	0.019217	0.612731	0.609977	0.017350	0.611813	0.000000	0.000000	0.000000
3.000000	0.610000	0.019420	0.612731	0.609985	0.017524	0.611896	0.000000	0.000000	0.000000
3.010000	0.610000	0.019626	0.612731	0.609992	0.017700	0.611978	0.000000	0.000000	0.000000
3.020000	0.610000	0.019833	0.612731	0.609999	0.017878	0.612059	0.000000	0.000000	0.000000
3.030000	0.610000	0.020043	0.612731	0.610005	0.018058	0.612139	0.000000	0.000000	0.000000
3.040000	0.610000	0.020255	0.612731	0.610010	0.018240	0.612217	0.000000	0.000000	0.000000
3.050000	0.610000	0.020468	0.612731	0.610015	0.018425	0.612291	0.000000	0.000000	0.000000
3.060000	0.610000	0.020684	0.612731	0.610018	0.018612	0.612363	0.000000	0.000000	0.000000
3.070000	0.610000	0.020902	0.612731	0.610022	0.018802	0.612430	0.000000	0.000000	0.000000
3.080000	0.610000	0.021123	0.612731	0.610024	0.018994	0.612494	0.000000	0.000000	0.000000
3.090000	0.610000	0.021345	0.612731	0.610026	0.019189	0.612553	0.000000	0.000000	0.000000
3.100000	0.610000	0.021570	0.612731	0.610028	0.019386	0.612609	0.000000	0.000000	0.000000
3.110000	0.610000	0.021797	0.612731	0.610029	0.019585	0.612659	0.000000	0.000000	0.000000
3.120000	0.610000	0.022026	0.612731	0.610030	0.019788	0.612706	0.000000	0.000000	0.000000
3.130000	0.610000	0.022258	0.612731	0.610030	0.019993	0.612747	0.000000	0.000000	0.000000
3.140000	0.610000	0.022492	0.612731	0.610030	0.020200	0.612785	0.000000	0.000000	0.000000
3.150000	0.610000	0.022728	0.612731	0.610030	0.020411	0.612818	0.000000	0.000000	0.000000
3.160000	0.610000	0.022967	0.612731	0.610029	0.020623	0.612847	0.000000	0.000000	0.000000
3.170000	0.610000	0.023208	0.612731	0.610028	0.020839	0.612872	0.000000	0.000000	0.000000
3.180000	0.610000	0.023451	0.612731	0.610027	0.021057	0.612893	0.000000	0.000000	0.000000
3.190000	0.610000	0.023697	0.612731	0.610026	0.021278	0.612910	0.000000	0.000000	0.000000
3.200000	0.610000	0.023945	0.612731	0.610024	0.021502	0.612924	0.000000	0.000000	0.000000
3.210000	0.610000	0.024196	0.612731	0.610023	0.021728	0.612935	0.000000	0.000000	0.000000
3.220000	0.610000	0.024450	0.612731	0.610021	0.021956	0.612942	0.000000	0.000000	0.000000
3.230000	0.610000	0.024706	0.612731	0.610019	0.022188	0.612947	0.000000	0.000000	0.000000
3.240000	0.610000	0.024964	0.612731	0.610017	0.022422	0.612950	0.000000	0.000000	0.000000
3.250000	0.610000	0.025225	0.612731	0.610015	0.022658	0.612950	0.000000	0.000000	0.000000
3.260000	0.610000	0.025489	0.612731	0.610014	0.022897	0.612948	0.000000	0.000000	0.000000
3.270000	0.610000	0.025756	0.612731	0.610012	0.023139	0.612945	0.000000	0.000000	0.000000
3.280000	0.610000	0.026025	0.612731	0.610010	0.023384	0.612940	0.000000	0.000000	0.000000
3.290000	0.610000	0.026296	0.612731	0.610008	0.023631	0.612933	0.000000	0.000000	0.000000
3.300000	0.610000	0.026571	0.612731	0.610006	0.023880	0.612926	0.000000	0.000000	0.000000
3.310000	0.610000	0.026848	0.612731	0.610004	0.024132	0.612917	0.000000	0.000000	0.000000
3.320000	0.610000	0.027128	0.612731	0.610003	0.024387	0.612908	0.000000	0.000000	0.000000
3.330000	0.610000	0.027411	0.612731	0.610001	0.024644	0.612898	0.000000	0.000000	0.000000
3.340000	0.610000	0.027697	0.612731	0.610000	0.024904	0.612888	0.000000	0.000000	0.000000
3.350000	0.610000	0.027985	0.612731	0.609998	0.025167	0.612878	0.000000	0.000000	0.000000
3.360000	0.610000	0.028277	0.612731	0.609997	0.025432	0.612868	0.000000	0.000000	0.000000
3.370000	0.610000	0.028571	0.612731	0.609995	0.025700	0.612857	0.000000	0.000000	0.000000
3.380000	0.610000	0.028869	0.612731	0.609994	0.025970	0.612847	0.000000	0.000000	0.000000
3.390000	0.610000	0.029169	0.612731	0.609993	0.026243	0.612837	0.000000	0.000000	0.000000
3.400000	0.610000	0.029472	0.612731	0.609992	0.026518	0.612827	0.000000	0.000000	0.000000
3.410000	0.610000	0.029779	0.612731	0.609991	0.026797	0.612818	0.000000	0.000000	0.000000
3.420000	0.610000	0.030088	0.612731	0.609990	0.027078	0.612809	0.000000	0.000000	0.000000
3.430000	0.610000	0.030401	0.612731	0.609989	0.027362	0.612801	0.000000	0.000000	0.000000
3.440000	0.610000	0.030717	0.612731	0.609988	0.027648	0.612793	0.000000	0.000000	0.000000
3.450000	0.610000	0.031036	0.612731	0.609987	0.027938	0.612786	0.000000	0.000000	0.000000
3.460000	0.610000	0.031358	0.612731	0.609986	0.028230	0.612779	0.000000	0.000000	0.000000
3.470000	0.610000	0.031683	0.612731	0.609986	0.028525	0.612773	0.000000	0.000000	0.000000
3.480000	0.610000	0.032012	0.612731	0.609985	0.028822	0.612767	0.000000	0.000000	0.000000
3.490000	0.610000	0.032344	0.612731	0.609985	0.029123	0.612762	0.000000	0.000000	0.000000
3.500000	0.610000	0.032679	0.612731	0.609984	0.029427	0.612758	0.000000	0.000000	0.000000
3.510000	0.610000	0.033018	0.612731	0.609983	0.029733	0.612755	0.000000	0.000000	0.000000
3.520000	0.610000	0.033360	0.612731	0.609983	0.030043	0.612751	0.000000	0.000000	0.000000
3.530000	0.610000	0.033705	0.612731	0.609982	0.030355	0.612749	0.000000	0.000000	0.000000
3.540000	0.610000	0.034054	0.612731	0.609982	0.030671	0.612747	0.000000	0.000000	0.000000
3.550000	0.610000	0.034407	0.612731	0.609982	0.030990	0.612746	0.000000	0.000000	0.000000
3.560000	0.610000	0.034763	0.612731	0.609981	0.031311	0.612744	0.000000	0.000000	0.000000
3.570000	0.610000	0.035122	0.612731	0.609981	0.031636	0.612744	0.000000	0.000000	0.000000
3.580000	0.610000	0.035486	0.612731	0.609980	0.031964	0.612744	0.000000	0.000000	0.000000
3.590000	0.610000	0.035852	0.612731	0.609980	0.032296	0.612744	0.000000	0.000000	0.000000
3.600000	0.610000	0.036223	0.612731	0.609979	0.032630	0.612745	0.000000	0.000000	0.000000
3.610000	0.610000	0.036597	0.612731	0.609979	0.032969	0.612746	0.000000	0.000000	0.000000
3.620000	0.610000	0.036975	0.612731	0.609978	0.033310	0.612747	0.000000	0.000000	0.000000
3.630000	0.610000	0.037357	0.612731	0.609978	0.033655	0.612748	0.000000	0.000000	0.000000
3.640000	0.610000	0.037743	0.612731	0.609978	0.034003	0.612750	0.000000	0.000000	0.000000
3.650000	0.610000	0.038132	0.612731	0.609977	0.034354	0.612752	0.000000	0.000000	0.000000
3.660000	0.610000	0.038526	0.612731	0.609976	0.034709	0.612754	0.000000	0.000000	0.000000
3.670000	0.610000	0.038923	0.612731	0.609976	0.035068	0.612756	0.000000	0.000000	0.000000
3.680000	0.610000	0.039325	0.612731	0.609975	0.035430	0.612758	0.000000	0.000000	0.000000
3.690000	0.610000	0.039730	0.612731	0.609975	0.035796	0.612761	0.000000	0.000000	0.000000
3.700000	0.610000	0.040140	0.612731	0.609974	0.036166	0.612763	0.000000	0.000000	0.000000
3.710000	0.610000	0.040553	0.612731	0.609974	0.036539	0.612766	0.000000	0.000000	0.000000
3.720000	0.610000	0.040971	0.612731	0.609973	0.036916	0.612768	0.000000	0.000000	0.000000
3.730000	0.610000	0.041393	0.612731	0.609972	0.037297	0.612771	0.000000	0.000000	0.000000
3.740000	0.610000	0.041819	0.612731	0.609972	0.037681	0.612774	0.000000	0.000000	0.000000
3.750000	0.610000	0.042250	0.612731	0.609971	0.038070	0.612776	0.000000	0.000000	0.000000
3.760000	0.610000	0.042685	0.612731	0.609970	0.038462	0.612779	0.000000	0.000000	0.000000
3.770000	0.610000	0.043124	0.612731	0.609969	0.038859	0.612781	0.000000	0.000000	0.000000
3.780000	0.610000	0.043567	0.612731	0.609969	0.039259	0.612784	0.000000	0.000000	0.000000
3.790000	0.610000	0.044015	0.612731	0.609968	0.039663	0.612786	0.000000	0.000000	0.000000
3.800000	0.610000	0.044468	0.612731	0.609967	0.040072	0.612789	0.000000	0.000000	0.000000
3.810000	0.610000	0.044925	0.612731	0.609966	0.040484	0.612791	0.000000	0.000000	0.000000
3.820000	0.610000	0.045387	0.612731	0.609965	0.040901	0.612793	0.000000	0.000000	0.000000
3.830000	0.610000	0.045853	0.612731	0.609964	0.041322	0.612795	0.000000	0.000000	0.000000
3.840000	0.610000	0.046324	0.612731	0.609963	0.041747	0.612798	0.000000	0.000000	0.000000
3.850000	0.610000	0.046800	0.612731	0.609962	0.042177	0.612800	0.000000	0.000000	0.000000
3.860000	0.610000	0.047281	0.612731	0.609961	0.042610	0.612802	0.000000	0.000000	0.000000
3.870000	0.610000	0.047766	0.612731	0.609960	0.043048	0.612804	0.000000	0.000000	0.000000
3.880000	0.610000	0.048256	0.612731	0.609959	0.043491	0.612806	0.000000	0.000000	0.000000
3.890000	0.610000	0.048752	0.612731	0.609958	0.043938	0.612808	0.000000	0.000000	0.000000
3.900000	0.610000	0.049252	0.612731	0.609957	0.044389	0.612810	0.000000	0.000000	0.000000
3.910000	0.610000	0.049757	0.612731	0.609956	0.044845	0.612812	0.000000	0.000000	0.000000
3.920000	0.610000	0.050267	0.612731	0.609955	0.045306	0.612813	0.000000	0.000000	0.000000
3.930000	0.610000	0.050783	0.612731	0.609954	0.045771	0.612815	0.000000	0.000000	0.000000
3.940000	0.610000	0.051303	0.612731	0.609953	0.046241	0.612817	0.000000	0.000000	0.000000
3.950000	0.610000	0.051829	0.612731	0.609951	0.046716	0.612819	0.000000	0.000000	0.000000
3.960000	0.610000	0.052360	0.612731	0.609950	0.047195	0.612820	0.000000	0.000000	0.000000
3.970000	0.610000	0.052897	0.612731	0.609949	0.047680	0.612822	0.000000	0.000000	0.000000
3.980000	0.610000	0.053439	0.612731	0.609948	0.048168	0.612824	0.000000	0.000000	0.000000
3.990000	0.610000	0.053986	0.612731	0.609946	0.048663	0.612825	0.000000	0.000000	0.000000
4.000000	0.610000	0.054539	0.612731	0.609945	0.049161	0.612827	0.000000	0.000000	0.000000
4.010000	0.610000	0.055097	0.612731	0.609944	0.049666	0.612829	0.000000	0.000000	0.000000
4.020000	0.610000	0.055661	0.612731	0.609943	0.050174	0.612831	0.000000	0.000000	0.000000
4.030000	0.610000	0.056231	0.612731	0.609941	0.050689	0.612832	0.000000	0.000000	0.000000
4.040000	0.610000	0.056806	0.612731	0.609940	0.051208	0.612834	0.000000	0.000000	0.000000
4.050000	0.610000	0.057387	0.612731	0.609938	0.051733	0.612836	0.000000	0.000000	0.000000
4.060000	0.610000	0.057974	0.612731	0.609937	0.052262	0.612838	0.000000	0.000000	0.000000
4.070000	0.610000	0.058567	0.612731	0.609935	0.052797	0.612840	0.000000	0.000000	0.000000
4.080000	0.610000	0.059166	0.612731	0.609934	0.053338	0.612841	0.000000	0.000000	0.000000
4.090000	0.610000	0.059771	0.612731	0.609932	0.053884	0.612843	0.000000	0.000000	0.000000
4.100000	0.610000	0.060382	0.612731	0.609931	0.054435	0.612845	0.000000	0.000000	0.000000
4.110000	0.610000	0.060999	0.612731	0.609929	0.054992	0.612847	0.000000	0.000000	0.000000
4.120000	0.610000	0.061622	0.612731	0.609928	0.055554	0.612849	0.000000	0.000000	0.000000
4.130000	0.610000	0.062251	0.612731	0.609926	0.056123	0.612852	0.000000	0.000000	0.000000
4.140000	0.610000	0.062887	0.612731	0.609924	0.056696	0.612854	0.000000	0.000000	0.000000
4.150000	0.610000	0.063530	0.612731	0.609923	0.057276	0.612856	0.000000	0.000000	0.000000
4.160000	0.610000	0.064178	0.612731	0.609921	0.057861	0.612858	0.000000	0.000000	0.000000
4.170000	0.610000	0.064834	0.612731	0.609919	0.058452	0.612860	0.000000	0.000000	0.000000
4.180000	0.610000	0.065495	0.612731	0.609918	0.059049	0.612863	0.000000	0.000000	0.000000
4.190000	0.610000	0.066164	0.612731	0.609916	0.059653	0.612865	0.000000	0.000000	0.000000
4.200000	0.610000	0.066839	0.612731	0.609914	0.060261	0.612868	0.000000	0.000000	0.000000
4.210000	0.610000	0.067521	0.612731	0.609912	0.060877	0.612870	0.000000	0.000000	0.000000
4.220000	0.610000	0.068210	0.612731	0.609910	0.061498	0.612873	0.000000	0.000000	0.000000
4.230000	0.610000	0.068906	0.612731	0.609908	0.062126	0.612876	0.000000	0.000000	0.000000
4.240000	0.610000	0.069608	0.612731	0.609906	0.062760	0.612878	0.000000	0.000000	0.000000
4.250000	0.610000	0.070318	0.612731	0.609904	0.063400	0.612881	0.000000	0.000000	0.000000
4.260000	0.610000	0.071035	0.612731	0.609902	0.064047	0.612884	0.000000	0.000000	0.000000
4.270000	0.610000	0.071759	0.612731	0.609900	0.064700	0.612887	0.000000	0.000000	0.000000
4.280000	0.610000	0.072491	0.612731	0.609898	0.065359	0.612890	0.000000	0.000000	0.000000
4.290000	0.610000	0.073229	0.612731	0.609896	0.066026	0.612893	0.000000	0.000000	0.000000
4.300000	0.610000	0.073976	0.612731	0.609893	0.066699	0.612896	0.000000	0.000000	0.000000
4.310000	0.610000	0.074729	0.612731	0.609891	0.067379	0.612899	0.000000	0.000000	0.000000
4.320000	0.610000	0.075491	0.612731	0.609889	0.068065	0.612902	0.000000	0.000000	0.000000
4.330000	0.610000	0.076259	0.612731	0.609886	0.068759	0.612906	0.000000	0.000000	0.000000
4.340000	0.610000	0.077036	0.612731	0.609884	0.069459	0.612909	0.000000	0.000000	0.000000
4.350000	0.610000	0.077821	0.612731	0.609881	0.070166	0.612913	0.000000	0.000000	0.000000
4.360000	0.610000	0.078613	0.612731	0.609879	0.070880	0.612916	0.000000	0.000000	0.000000
4.370000	0.610000	0.079413	0.612731	0.609876	0.071602	0.612920	0.000000	0.000000	0.000000
4.380000	0.610000	0.080222	0.612731	0.609874	0.072331	0.612923	0.000000	0.000000	0.000000
4.390000	0.610000	0.081038	0.612731	0.609871	0.073067	0.612927	0.000000	0.000000	0.000000
4.400000	0.610000	0.081863	0.612731	0.609868	0.073810	0.612930	0.000000	0.000000	0.000000
4.410000	0.610000	0.082696	0.612731	0.609866	0.074562	0.612935	0.000000	0.000000	0.000000
4.420000	0.610000	0.083537	0.612731	0.609863	0.075320	0.612938	0.000000	0.000000	0.000000
4.430000	0.610000	0.084387	0.612731	0.609860	0.076086	0.612942	0.000000	0.000000	0.000000
4.440000	0.610000	0.085245	0.612731	0.609857	0.076859	0.612946	0.000000	0.000000	0.000000
4.450000	0.610000	0.086112	0.612731	0.609854	0.077641	0.612951	0.000000	0.000000	0.000000
4.460000	0.610000	0.086988	0.612731	0.609851	0.078430	0.612955	0.000000	0.000000	0.000000
4.470000	0.610000	0.087872	0.612731	0.609848	0.079228	0.612959	0.000000	0.000000	0.000000
4.480000	0.610000	0.088765	0.612731	0.609845	0.080032	0.612963	0.000000	0.000000	0.000000
4.490000	0.610000	0.089668	0.612731	0.609841	0.080846	0.612968	0.000000	0.000000	0.000000
4.500000	0.610000	0.090579	0.612731	0.609838	0.081666	0.612972	0.000000	0.000000	0.000000
4.510000	0.610000	0.091500	0.612731	0.609835	0.082497	0.612977	0.000000	0.000000	0.000000
4.520000	0.610000	0.092430	0.612731	0.609831	0.083334	0.612981	0.000000	0.000000	0.000000
4.530000	0.610000	0.093369	0.612731	0.609828	0.084180	0.612986	0.000000	0.000000	0.000000
4.540000	0.610000	0.094317	0.612731	0.609824	0.085034	0.612991	0.000000	0.000000	0.000000
4.550000	0.610000	0.095275	0.612731	0.609820	0.085898	0.612996	0.000000	0.000000	0.000000
4.560000	0.610000	0.096243	0.612731	0.609817	0.086769	0.613001	0.000000	0.000000	0.000000
4.570000	0.610000	0.097221	0.612731	0.609813	0.087651	0.613006	0.000000	0.000000	0.000000
4.580000	0.610000	0.098208	0.612731	0.609809	0.088539	0.613011	0.000000	0.000000	0.000000
4.590000	0.610000	0.099205	0.612731	0.609805	0.089438	0.613017	0.000000	0.000000	0.000000
4.600000	0.610000	0.100213	0.612731	0.609801	0.090344	0.613022	0.000000	0.000000	0.000000
4.610000	0.610000	0.101230	0.612731	0.609797	0.091261	0.613028	0.000000	0.000000	0.000000
4.620000	0.610000	0.102258	0.612731	0.609793	0.092186	0.613033	0.000000	0.000000	0.000000
4.630000	0.610000	0.103295	0.612731	0.609788	0.093121	0.613039	0.000000	0.000000	0.000000
4.640000	0.610000	0.104344	0.612731	0.609784	0.094064	0.613044	0.000000	0.000000	0.000000
4.650000	0.610000	0.105403	0.612731	0.609779	0.095019	0.613051	0.000000	0.000000	0.000000
4.660000	0.610000	0.106472	0.612731	0.609775	0.095980	0.613056	0.000000	0.000000	0.000000
4.670000	0.610000	0.107553	0.612731	0.609770	0.096954	0.613063	0.000000	0.000000	0.000000
4.680000	0.610000	0.108644	0.612731	0.609765	0.097935	0.613069	0.000000	0.000000	0.000000
4.690000	0.610000	0.109746	0.612731	0.609760	0.098928	0.613075	0.000000	0.000000	0.000000
4.700000	0.610000	0.110859	0.612731	0.609755	0.099929	0.613081	0.000000	0.000000	0.000000
4.710000	0.610000	0.111983	0.612731	0.609750	0.100942	0.613088	0.000000	0.000000	0.000000
4.720000	0.610000	0.113119	0.612731	0.609745	0.101963	0.613094	0.000000	0.000000	0.000000
4.730000	0.610000	0.114266	0.612731	0.609740	0.102996	0.613102	0.000000	0.000000	0.000000
4.740000	0.610000	0.115425	0.612731	0.609734	0.104037	0.613108	0.000000	0.000000	0.000000
4.750000	0.610000	0.116595	0.612731	0.609729	0.105091	0.613116	0.000000	0.000000	0.000000
4.760000	0.610000	0.117777	0.612731	0.609723	0.106153	0.613122	0.000000	0.000000	0.000000
4.770000	0.610000	0.118971	0.612731	0.609717	0.107228	0.613130	0.000000	0.000000	0.000000
4.780000	0.610000	0.120177	0.612731	0.609711	0.108312	0.613137	0.000000	0.000000	0.000000
4.790000	0.610000	0.121395	0.612731	0.609705	0.109408	0.613145	0.000000	0.000000	0.000000
4.800000	0.610000	0.122625	0.612731	0.609699	0.110513	0.613152	0.000000	0.000000	0.000000
4.810000	0.610000	0.123868	0.612731	0.609693	0.111632	0.613160	0.000000	0.000000	0.000000
4.820000	0.610000	0.125123	0.612731	0.609687	0.112759	0.613168	0.000000	0.000000	0.000000
4.830000	0.610000	0.126391	0.612731	0.609680	0.113900	0.613176	0.000000	0.000000	0.000000
4.840000	0.610000	0.127671	0.612731	0.609673	0.115050	0.613184	0.000000	0.000000	0.000000
4.850000	0.610000	0.128964	0.612731	0.609666	0.116214	0.613193	0.000000	0.000000	0.000000
4.860000	0.610000	0.130271	0.612731	0.609660	0.117386	0.613200	0.000000	0.000000	0.000000
4.870000	0.610000	0.131590	0.612731	0.609652	0.118574	0.613210	0.000000	0.000000	0.000000
4.880000	0.610000	0.132923	0.612731	0.609645	0.119769	0.613218	0.000000	0.000000	0.000000
4.890000	0.610000	0.134269	0.612731	0.609637	0.120981	0.613228	0.000000	0.000000	0.000000
4.900000	0.610000	0.135629	0.612731	0.609630	0.122200	0.613236	0.000000	0.000000	0.000000
4.910000	0.610000	0.137002	0.612731	0.609622	0.123436	0.613246	0.000000	0.000000	0.000000
4.920000	0.610000	0.138389	0.612731	0.609615	0.124679	0.613254	0.000000	0.000000	0.000000
4.930000	0.610000	0.139790	0.612731	0.609606	0.125940	0.613265	0.000000	0.000000	0.000000
4.940000	0.610000	0.141205	0.612731	0.609598	0.127208	0.613273	0.000000	0.000000	0.000000
4.950000	0.610000	0.142635	0.612731	0.609589	0.128494	0.613285	0.000000	0.000000	0.000000
4.960000	0.610000	0.144079	0.612731	0.609581	0.129787	0.613293	0.000000	0.000000	0.000000
4.970000	0.610000	0.145537	0.612731	0.609572	0.131099	0.613305	0.000000	0.000000	0.000000
4.980000	0.610000	0.147010	0.612731	0.609563	0.132418	0.613314	0.000000	0.000000	0.000000
4.990000	0.610000	0.148497	0.612731	0.609553	0.133756	0.613326	0.000000	0.000000	0.000000
5.000000	0.610000	0.150000	0.612731	0.609545	0.135101	0.613335	0.000000	0.000000	0.000000
