Time [s]	Pos_0_x [m]	Pos_0_y [m]	Pos_0_z [m]	Pos_x [m]	Pos_y [m]	Pos_z [m]	Force_x [N]	Force_y [N]	Force_z [N]
0.000000	0.610000	0.000000	0.612731	0.610000	0.000000	0.612731	0.000000	0.000000	0.000000
0.010000	0.610000	0.000010	0.612731	0.610000	0.000000	0.612731	0.000000	0.000000	0.000167
0.020000	0.610000	0.000021	0.612731	0.610000	0.000001	0.612731	0.000000	0.000000	0.000336
0.030000	0.610000	0.000031	0.612731	0.610000	0.000003	0.612731	0.000000	0.000000	0.000506
0.040000	0.610000	0.000042	0.612731	0.610000	0.000005	0.612731	0.000000	0.000000	0.000678
0.050000	0.610000	0.000052	0.612731	0.610000	0.000008	0.612731	0.000000	0.000000	0.000852
0.060000	0.610000	0.000063	0.612731	0.610000	0.000012	0.612731	0.000000	0.000000	0.001028
0.070000	0.610000	0.000074	0.612731	0.610000	0.000016	0.612731	0.000000	0.000000	0.001205
0.080000	0.610000	0.000085	0.612731	0.610000	0.000021	0.612732	0.000000	0.000000	0.001384
0.090000	0.610000	0.000096	0.612731	0.610000	0.000026	0.612732	0.000000	0.000000	0.001565
0.100000	0.610000	0.000107	0.612731	0.610000	0.000032	0.612732	0.000000	0.000000	0.001748
0.110000	0.610000	0.000118	0.612731	0.610000	0.000038	0.612733	0.000000	0.000000	0.001933
0.120000	0.610000	0.000130	0.612731	0.610000	0.000045	0.612733	0.000000	0.000000	0.002119
0.130000	0.610000	0.000141	0.612731	0.610000	0.000052	0.612733	0.000000	0.000000	0.002307
0.140000	0.610000	0.000153	0.612731	0.610000	0.000060	0.612733	0.000000	0.000000	0.002498
0.150000	0.610000	0.000165	0.612731	0.610000	0.000068	0.612734	0.000000	0.000000	0.002690
0.160000	0.610000	0.000177	0.612731	0.610000	0.000076	0.612734	0.000000	0.000000	0.002884
0.170000	0.610000	0.000189	0.612731	0.610000	0.000085	0.612735	0.000000	0.000000	0.003080
0.180000	0.610000	0.000201	0.612731	0.610000	0.000094	0.612735	0.000000	0.000000	0.003278
0.190000	0.610000	0.000213	0.612731	0.610000	0.000103	0.612735	0.000000	0.000000	0.003478
0.200000	0.610000	0.000225	0.612731	0.610000	0.000112	0.612736	0.000000	0.000000	0.003680
0.210000	0.610000	0.000238	0.612731	0.610000	0.000122	0.612736	0.000000	0.000000	0.003884
0.220000	0.610000	0.000250	0.612731	0.610000	0.000132	0.612736	0.000000	0.000000	0.004090
0.230000	0.610000	0.000263	0.612731	0.610000	0.000142	0.612737	0.000000	0.000000	0.004298
0.240000	0.610000	0.000276	0.612731	0.610000	0.000153	0.612737	0.000000	0.000000	0.004508
0.250000	0.610000	0.000289	0.612731	0.610000	0.000164	0.612738	0.000000	0.000000	0.004720
0.260000	0.610000	0.000302	0.612731	0.610000	0.000175	0.612738	0.000000	0.000000	0.004935
0.270000	0.610000	0.000315	0.612731	0.610000	0.000186	0.612739	0.000000	0.000000	0.005152
0.280000	0.610000	0.000329	0.612731	0.610000	0.000198	0.612739	0.000000	0.000000	0.005370
0.290000	0.610000	0.000342	0.612731	0.610000	0.000209	0.612739	0.000000	0.000000	0.005591
0.300000	0.610000	0.000356	0.612731	0.610000	0.000221	0.612740	0.000000	0.000000	0.005815
0.310000	0.610000	0.000370	0.612731	0.610000	0.000233	0.612740	0.000000	0.000000	0.006040
0.320000	0.610000	0.000384	0.612731	0.610000	0.000245	0.612741	0.000000	0.000000	0.006268
0.330000	0.610000	0.000398	0.612731	0.610000	0.000258	0.612741	0.000000	0.000000	0.006498
0.340000	0.610000	0.000412	0.612731	0.610000	0.000270	0.612742	0.000000	0.000000	0.006730
0.350000	0.610000	0.000426	0.612731	0.610000	0.000283	0.612742	0.000000	0.000000	0.006965
0.360000	0.610000	0.000441	0.612731	0.610000	0.000296	0.612743	0.000000	0.000000	0.007202
0.370000	0.610000	0.000456	0.612731	0.610000	0.000309	0.612743	0.000000	0.000000	0.007441
0.380000	0.610000	0.000470	0.612731	0.610000	0.000322	0.612744	0.000000	0.000000	0.007683
0.390000	0.610000	0.000485	0.612731	0.610000	0.000336	0.612744	0.000000	0.000000	0.007927
0.400000	0.610000	0.000500	0.612731	0.610000	0.000349	0.612745	0.000000	0.000000	0.008174
0.410000	0.610000	0.000516	0.612731	0.610000	0.000363	0.612746	0.000000	0.000000	0.008423
0.420000	0.610000	0.000531	0.612731	0.610000	0.000377	0.612746	0.000000	0.000000	0.008675
0.430000	0.610000	0.000547	0.612731	0.610000	0.000391	0.612747	0.000000	0.000000	0.008929
0.440000	0.610000	0.000562	0.612731	0.610000	0.000405	0.612747	0.000000	0.000000	0.009186
0.450000	0.610000	0.000578	0.612731	0.610000	0.000420	0.612748	0.000000	0.000000	0.009445
0.460000	0.610000	0.000594	0.612731	0.610000	0.000434	0.612748	0.000000	0.000000	0.009707
0.470000	0.610000	0.000611	0.612731	0.610000	0.000449	0.612749	0.000000	0.000000	0.009972
0.480000	0.610000	0.000627	0.612731	0.610000	0.000464	0.612750	0.000000	0.000000	0.010239
0.490000	0.610000	0.000643	0.612731	0.610000	0.000479	0.612750	0.000000	0.000000	0.010509
0.500000	0.610000	0.000660	0.612731	0.610000	0.000494	0.612751	0.000000	0.000000	0.010782
0.510000	0.610000	0.000677	0.612731	0.610000	0.000509	0.612751	0.000000	0.000000	0.011057
0.520000	0.610000	0.000694	0.612731	0.610000	0.000525	0.612752	0.000000	0.000000	0.011335
0.530000	0.610000	0.000711	0.612731	0.610000	0.000540	0.612753	0.000000	0.000000	0.011616
0.540000	0.610000	0.000729	0.612731	0.610000	0.000556	0.612753	0.000000	0.000000	0.011900
0.550000	0.610000	0.000746	0.612731	0.610000	0.000572	0.612754	0.000000	0.000000	0.012187
0.560000	0.610000	0.000764	0.612731	0.610000	0.000588	0.612755	0.000000	0.000000	0.012476
0.570000	0.610000	0.000782	0.612731	0.610000	0.000604	0.612755	0.000000	0.000000	0.012769
0.580000	0.610000	0.000800	0.612731	0.610000	0.000621	0.612756	0.000000	0.000000	0.013064
0.590000	0.610000	0.000818	0.612731	0.610000	0.000637	0.612757	0.000000	0.000000	0.013362
0.600000	0.610000	0.000837	0.612731	0.610000	0.000654	0.612757	0.000000	0.000000	0.013664
0.610000	0.610000	0.000855	0.612731	0.610000	0.000671	0.612758	0.000000	0.000000	0.013968
0.620000	0.610000	0.000874	0.612731	0.610000	0.000688	0.612759	0.000000	0.000000	0.014275
0.630000	0.610000	0.000893	0.612731	0.610000	0.000705	0.612759	0.000000	0.000000	0.014586
0.640000	0.610000	0.000912	0.612731	0.610000	0.000723	0.612760	0.000000	0.000000	0.014899
0.650000	0.610000	0.000932	0.612731	0.610000	0.000740	0.612761	0.000000	0.000000	0.015216
0.660000	0.610000	0.000951	0.612731	0.610000	0.000758	0.612762	0.000000	0.000000	0.015536
0.670000	0.610000	0.000971	0.612731	0.610000	0.000776	0.612762	0.000000	0.000000	0.015859
0.680000	0.610000	0.000991	0.612731	0.610000	0.000794	0.612763	0.000000	0.000000	0.016186
0.690000	0.610000	0.001011	0.612731	0.610000	0.000813	0.612764	0.000000	0.000000	0.016516
0.700000	0.610000	0.001032	0.612731	0.610000	0.000831	0.612765	0.000000	0.000000	0.016849
0.710000	0.610000	0.001052	0.612731	0.610000	0.000850	0.612765	0.000000	0.000000	0.017185
0.720000	0.610000	0.001073	0.612731	0.610000	0.000869	0.612766	0.000000	0.000000	0.017525
0.730000	0.610000	0.001094	0.612731	0.610000	0.000888	0.612767	0.000000	0.000000	0.017868
0.740000	0.610000	0.001115	0.612731	0.610000	0.000907	0.612768	0.000000	0.000000	0.018214
0.750000	0.610000	0.001137	0.612731	0.610000	0.000926	0.612769	0.000000	0.000000	0.018564
0.760000	0.610000	0.001158	0.612731	0.610000	0.000946	0.612769	0.000000	0.000000	0.018918
0.770000	0.610000	0.001180	0.612731	0.610000	0.000966	0.612770	0.000000	0.000000	0.019275
0.780000	0.610000	0.001202	0.612731	0.610000	0.000986	0.612771	0.000000	0.000000	0.019636
0.790000	0.610000	0.001225	0.612731	0.610000	0.001006	0.612772	0.000000	0.000000	0.020000
0.800000	0.610000	0.001247	0.612731	0.610000	0.001026	0.612773	0.000000	0.000000	0.020368
0.810000	0.610000	0.001270	0.612731	0.610000	0.001047	0.612774	0.000000	0.000000	0.020740
0.820000	0.610000	0.001293	0.612731	0.610000	0.001068	0.612774	0.000000	0.000000	0.021116
0.830000	0.610000	0.001316	0.612731	0.610000	0.001089	0.612775	0.000000	0.000000	0.021495
0.840000	0.610000	0.001339	0.612731	0.610000	0.001110	0.612776	0.000000	0.000000	0.021878
0.850000	0.610000	0.001363	0.612731	0.610000	0.001131	0.612777	0.000000	0.000000	0.022265
0.860000	0.610000	0.001387	0.612731	0.610000	0.001153	0.612778	0.000000	0.000000	0.022656
0.870000	0.610000	0.001411	0.612731	0.610000	0.001175	0.612779	0.000000	0.000000	0.023050
0.880000	0.610000	0.001436	0.612731	0.610000	0.001197	0.612780	0.000000	0.000000	0.023449
0.890000	0.610000	0.001460	0.612731	0.610000	0.001219	0.612781	0.000000	0.000000	0.023852
0.900000	0.610000	0.001485	0.612731	0.610000	0.001242	0.612782	0.000000	0.000000	0.024259
0.910000	0.610000	0.001510	0.612731	0.610000	0.001265	0.612783	0.000000	0.000000	0.024669
0.920000	0.610000	0.001536	0.612731	0.610000	0.001288	0.612783	0.000000	0.000000	0.025084
0.930000	0.610000	0.001561	0.612731	0.610000	0.001311	0.612784	0.000000	0.000000	0.025503
0.940000	0.610000	0.001587	0.612731	0.610000	0.001334	0.612785	0.000000	0.000000	0.025927
0.950000	0.610000	0.001614	0.612731	0.610000	0.001358	0.612786	0.000000	0.000000	0.026354
0.960000	0.610000	0.001640	0.612731	0.610000	0.001382	0.612787	0.000000	0.000000	0.026786
0.970000	0.610000	0.001667	0.612731	0.610000	0.001406	0.612788	0.000000	0.000000	0.027223
0.980000	0.610000	0.001694	0.612731	0.610000	0.001431	0.612789	0.000000	0.000000	0.027663
0.990000	0.610000	0.001721	0.612731	0.610000	0.001455	0.612790	0.000000	0.000000	0.028108
1.000000	0.610000	0.001748	0.612731	0.610000	0.001480	0.612791	0.000000	0.000000	0.028558
1.010000	0.610000	0.001776	0.612731	0.610000	0.001505	0.612792	0.000000	0.000000	0.029012
1.020000	0.610000	0.001804	0.612731	0.610000	0.001531	0.612793	0.000000	0.000000	0.029470
1.030000	0.610000	0.001833	0.612731	0.610000	0.001556	0.612794	0.000000	0.000000	0.029934
1.040000	0.610000	0.001861	0.612731	0.610000	0.001582	0.612796	0.000000	0.000000	0.030402
1.050000	0.610000	0.001890	0.612731	0.610000	0.001608	0.612797	0.000000	0.000000	0.030874
1.060000	0.610000	0.001919	0.612731	0.610000	0.001635	0.612798	0.000000	0.000000	0.031351
1.070000	0.610000	0.001949	0.612731	0.610000	0.001661	0.612799	0.000000	0.000000	0.031834
1.080000	0.610000	0.001979	0.612731	0.610000	0.001688	0.612800	0.000000	0.000000	0.032320
1.090000	0.610000	0.002009	0.612731	0.610000	0.001716	0.612801	0.000000	0.000000	0.032812
1.100000	0.610000	0.002039	0.612731	0.610000	0.001743	0.612802	0.000000	0.000000	0.033309
1.110000	0.610000	0.002070	0.612731	0.610000	0.001771	0.612803	0.000000	0.000000	0.033811
1.120000	0.610000	0.002101	0.612731	0.610000	0.001799	0.612804	0.000000	0.000000	0.034318
1.130000	0.610000	0.002132	0.612731	0.610000	0.001827	0.612806	0.000000	0.000000	0.034830
1.140000	0.610000	0.002164	0.612731	0.610000	0.001856	0.612807	0.000000	0.000000	0.035347
1.150000	0.610000	0.002196	0.612731	0.610000	0.001885	0.612808	0.000000	0.000000	0.035869
1.160000	0.610000	0.002228	0.612731	0.610000	0.001914	0.612809	0.000000	0.000000	0.036397
1.170000	0.610000	0.002261	0.612731	0.610000	0.001943	0.612810	0.000000	0.000000	0.036929
1.180000	0.610000	0.002294	0.612731	0.610000	0.001973	0.612812	0.000000	0.000000	0.037468
1.190000	0.610000	0.002327	0.612731	0.610000	0.002003	0.612813	0.000000	0.000000	0.038011
1.200000	0.610000	0.002361	0.612731	0.610000	0.002034	0.612814	0.000000	0.000000	0.038560
1.210000	0.610000	0.002395	0.612731	0.610000	0.002064	0.612815	0.000000	0.000000	0.039115
1.220000	0.610000	0.002429	0.612731	0.610000	0.002095	0.612817	0.000000	0.000000	0.039675
1.230000	0.610000	0.002464	0.612731	0.610000	0.002127	0.612818	0.000000	0.000000	0.040241
1.240000	0.610000	0.002499	0.612731	0.610000	0.002158	0.612819	0.000000	0.000000	0.040812
1.250000	0.610000	0.002534	0.612731	0.610000	0.002190	0.612821	0.000000	0.000000	0.041389
1.260000	0.610000	0.002570	0.612731	0.610000	0.002223	0.612822	0.000000	0.000000	0.041972
1.270000	0.610000	0.002606	0.612731	0.610000	0.002255	0.612823	0.000000	0.000000	0.042561
1.280000	0.610000	0.002642	0.612731	0.610000	0.002288	0.612825	0.000000	0.000000	0.043156
1.290000	0.610000	0.002679	0.612731	0.610000	0.002321	0.612826	0.000000	0.000000	0.043757
1.300000	0.610000	0.002716	0.612731	0.610000	0.002355	0.612827	0.000000	0.000000	0.044364
1.310000	0.610000	0.002754	0.612731	0.610000	0.002389	0.612829	0.000000	0.000000	0.044976
1.320000	0.610000	0.002792	0.612731	0.610000	0.002423	0.612830	0.000000	0.000000	0.045596
1.330000	0.610000	0.002830	0.612731	0.610000	0.002458	0.612832	0.000000	0.000000	0.046221
1.340000	0.610000	0.002869	0.612731	0.610000	0.002493	0.612833	0.000000	0.000000	0.046852
1.350000	0.610000	0.002908	0.612731	0.610000	0.002528	0.612834	0.000000	0.000000	0.047490
1.360000	0.610000	0.002947	0.612731	0.610000	0.002564	0.612836	0.000000	0.000000	0.048135
1.370000	0.610000	0.002987	0.612731	0.610000	0.002600	0.612837	0.000000	0.000000	0.048785
1.380000	0.610000	0.003027	0.612731	0.610000	0.002636	0.612839	0.000000	0.000000	0.049443
1.390000	0.610000	0.003068	0.612731	0.610000	0.002673	0.612840	0.000000	0.000000	0.050107
1.400000	0.610000	0.003109	0.612731	0.610000	0.002710	0.612842	0.000000	0.000000	0.050777
1.410000	0.610000	0.003150	0.612731	0.610000	0.002747	0.612843	0.000000	0.000000	0.051455
1.420000	0.610000	0.003192	0.612731	0.610000	0.002785	0.612845	0.000000	0.000000	0.052139
1.430000	0.610000	0.003234	0.612731	0.610000	0.002823	0.612847	0.000000	0.000000	0.052830
1.440000	0.610000	0.003277	0.612731	0.610000	0.002862	0.612848	0.000000	0.000000	0.053528
1.450000	0.610000	0.003320	0.612731	0.610000	0.002901	0.612850	0.000000	0.000000	0.054233
1.460000	0.610000	0.003364	0.612731	0.610000	0.002940	0.612851	0.000000	0.000000	0.054945
1.470000	0.610000	0.003408	0.612731	0.610000	0.002980	0.612853	0.000000	0.000000	0.055664
1.480000	0.610000	0.003452	0.612731	0.610000	0.003020	0.612855	0.000000	0.000000	0.056391
1.490000	0.610000	0.003497	0.612731	0.610000	0.003061	0.612856	0.000000	0.000000	0.057124
1.500000	0.610000	0.003543	0.612731	0.610000	0.003102	0.612858	0.000000	0.000000	0.057866
1.510000	0.610000	0.003589	0.612731	0.610000	0.003143	0.612860	0.000000	0.000000	0.058614
1.520000	0.610000	0.003635	0.612731	0.610000	0.003185	0.612861	0.000000	0.000000	0.059370
1.530000	0.610000	0.003682	0.612731	0.610000	0.003228	0.612863	0.000000	0.000000	0.060134
1.540000	0.610000	0.003729	0.612731	0.610000	0.003270	0.612865	0.000000	0.000000	0.060905
1.550000	0.610000	0.003777	0.612731	0.610000	0.003313	0.612867	0.000000	0.000000	0.061684
1.560000	0.610000	0.003825	0.612731	0.610000	0.003357	0.612868	0.000000	0.000000	0.062471
1.570000	0.610000	0.003873	0.612731	0.610000	0.003401	0.612870	0.000000	0.000000	0.063266
1.580000	0.610000	0.003923	0.612731	0.610000	0.003445	0.612872	0.000000	0.000000	0.064069
1.590000	0.610000	0.003972	0.612731	0.610000	0.003490	0.612874	0.000000	0.000000	0.064880
1.600000	0.610000	0.004022	0.612731	0.610000	0.003535	0.612876	0.000000	0.000000	0.065699
1.610000	0.610000	0.004073	0.612731	0.610000	0.003581	0.612878	0.000000	0.000000	0.066527
1.620000	0.610000	0.004124	0.612731	0.610000	0.003627	0.612880	0.000000	0.000000	0.067362
1.630000	0.610000	0.004176	0.612731	0.610000	0.003674	0.612882	0.000000	0.000000	0.068206
1.640000	0.610000	0.004228	0.612731	0.610000	0.003721	0.612883	0.000000	0.000000	0.069059
1.650000	0.610000	0.004281	0.612731	0.610000	0.003769	0.612885	0.000000	0.000000	0.069920
1.660000	0.610000	0.004334	0.612731	0.610000	0.003817	0.612887	0.000000	0.000000	0.070790
1.670000	0.610000	0.004388	0.612731	0.610000	0.003866	0.612889	0.000000	0.000000	0.071668
1.680000	0.610000	0.004442	0.612731	0.610000	0.003915	0.612891	0.000000	0.000000	0.072555
1.690000	0.610000	0.004497	0.612731	0.610000	0.003964	0.612893	0.000000	0.000000	0.073452
1.700000	0.610000	0.004552	0.612731	0.610000	0.004014	0.612896	0.000000	0.000000	0.074357
1.710000	0.610000	0.004608	0.612731	0.610000	0.004065	0.612898	0.000000	0.000000	0.075271
1.720000	0.610000	0.004665	0.612731	0.610000	0.004116	0.612900	0.000000	0.000000	0.076195
1.730000	0.610000	0.004722	0.612731	0.610000	0.004168	0.612902	0.000000	0.000000	0.077127
1.740000	0.610000	0.004780	0.612731	0.610000	0.004220	0.612904	0.000000	0.000000	0.078070
1.750000	0.610000	0.004838	0.612731	0.610000	0.004273	0.612906	0.000000	0.000000	0.079021
1.760000	0.610000	0.004897	0.612731	0.610000	0.004326	0.612908	0.000000	0.000000	0.079982
1.770000	0.610000	0.004956	0.612731	0.610000	0.004379	0.612911	0.000000	0.000000	0.080953
1.780000	0.610000	0.005016	0.612731	0.610000	0.004434	0.612913	0.000000	0.000000	0.081934
1.790000	0.610000	0.005077	0.612731	0.610000	0.004488	0.612915	0.000000	0.000000	0.082924
1.800000	0.610000	0.005138	0.612731	0.610000	0.004544	0.612917	0.000000	0.000000	0.083925
1.810000	0.610000	0.005200	0.612731	0.610000	0.004600	0.612920	0.000000	0.000000	0.084935
1.820000	0.610000	0.005263	0.612731	0.610000	0.004656	0.612922	0.000000	0.000000	0.085956
1.830000	0.610000	0.005326	0.612731	0.610000	0.004713	0.612924	0.000000	0.000000	0.086987
1.840000	0.610000	0.005389	0.612731	0.610000	0.004771	0.612927	0.000000	0.000000	0.088028
1.850000	0.610000	0.005454	0.612731	0.610000	0.004829	0.612929	0.000000	0.000000	0.089080
1.860000	0.610000	0.005519	0.612731	0.610000	0.004888	0.612932	0.000000	0.000000	0.090142
1.870000	0.610000	0.005585	0.612731	0.610000	0.004947	0.612934	0.000000	0.000000	0.091215
1.880000	0.610000	0.005651	0.612731	0.610000	0.005007	0.612936	0.000000	0.000000	0.092299
1.890000	0.610000	0.005718	0.612731	0.610000	0.005068	0.612939	0.000000	0.000000	0.093394
1.900000	0.610000	0.005786	0.612731	0.610000	0.005129	0.612942	0.000000	0.000000	0.094499
1.910000	0.610000	0.005854	0.612731	0.610000	0.005191	0.612944	0.000000	0.000000	0.095616
1.920000	0.610000	0.005923	0.612731	0.610000	0.005253	0.612947	0.000000	0.000000	0.096744
1.930000	0.610000	0.005993	0.612731	0.609999	0.005316	0.612949	0.000000	0.000000	0.097883
1.940000	0.610000	0.006063	0.612731	0.609999	0.005380	0.612952	0.000000	0.000000	0.099034
1.950000	0.610000	0.006134	0.612731	0.609999	0.005444	0.612955	0.000000	0.000000	0.100197
1.960000	0.610000	0.006206	0.612731	0.609999	0.005509	0.612957	0.000000	0.000000	0.101371
1.970000	0.610000	0.006279	0.612731	0.609999	0.005575	0.612960	0.000000	0.000000	0.102556
1.980000	0.610000	0.006352	0.612731	0.609999	0.005641	0.612963	0.000000	0.000000	0.103754
1.990000	0.610000	0.006426	0.612731	0.609999	0.005708	0.612965	0.000000	0.000000	0.104964
2.000000	0.610000	0.006501	0.612731	0.609999	0.005775	0.612968	0.000000	0.000000	0.106186
2.010000	0.610000	0.006577	0.612731	0.609999	0.005844	0.612971	0.000000	0.000000	0.107420
2.020000	0.610000	0.006653	0.612731	0.609999	0.005913	0.612974	0.000000	0.000000	0.108667
2.030000	0.610000	0.006730	0.612731	0.609999	0.005982	0.612977	0.000000	0.000000	0.109926
2.040000	0.610000	0.006808	0.612731	0.609999	0.006053	0.612980	0.000000	0.000000	0.111198
2.050000	0.610000	0.006887	0.612731	0.609999	0.006124	0.612983	0.000000	0.000000	0.112482
2.060000	0.610000	0.006966	0.612731	0.609999	0.006196	0.612986	0.000000	0.000000	0.113780
2.070000	0.610000	0.007046	0.612731	0.609999	0.006268	0.612989	0.000000	0.000000	0.115090
2.080000	0.610000	0.007127	0.612731	0.609999	0.006341	0.612992	0.000000	0.000000	0.116414
2.090000	0.610000	0.007209	0.612731	0.609999	0.006415	0.612995	0.000000	0.000000	0.117751
2.100000	0.610000	0.007292	0.612731	0.609999	0.006490	0.612998	0.000000	0.000000	0.119101
2.110000	0.610000	0.007375	0.612731	0.609999	0.006565	0.613001	0.000000	0.000000	0.120465
2.120000	0.610000	0.007460	0.612731	0.609999	0.006642	0.613004	0.000000	0.000000	0.121843
2.130000	0.610000	0.007545	0.612731	0.609999	0.006719	0.613007	0.000000	0.000000	0.123235
2.140000	0.610000	0.007631	0.612731	0.609999	0.006796	0.613010	0.000000	0.000000	0.124640
2.150000	0.610000	0.007718	0.612731	0.609999	0.006875	0.613014	0.000000	0.000000	0.126060
2.160000	0.610000	0.007806	0.612731	0.609999	0.006954	0.613017	0.000000	0.000000	0.127494
2.170000	0.610000	0.007894	0.612731	0.609999	0.007034	0.613020	0.000000	0.000000	0.128942
2.180000	0.610000	0.007984	0.612731	0.609999	0.007115	0.613024	0.000000	0.000000	0.130405
2.190000	0.610000	0.008074	0.612731	0.609999	0.007197	0.613027	0.000000	0.000000	0.131883
2.200000	0.610000	0.008166	0.612731	0.609999	0.007280	0.613030	0.000000	0.000000	0.133375
2.210000	0.610000	0.008258	0.612731	0.609999	0.007363	0.613034	0.000000	0.000000	0.134883
2.220000	0.610000	0.008351	0.612731	0.609999	0.007447	0.613037	0.000000	0.000000	0.136405
2.230000	0.610000	0.008446	0.612731	0.609999	0.007532	0.613041	0.000000	0.000000	0.137943
2.240000	0.610000	0.008541	0.612731	0.609999	0.007618	0.613044	0.000000	0.000000	0.139497
2.250000	0.610000	0.008637	0.612731	0.609999	0.007705	0.613048	0.000000	0.000000	0.141066
2.260000	0.610000	0.008734	0.612731	0.609999	0.007793	0.613052	0.000000	0.000000	0.142651
2.270000	0.610000	0.008832	0.612731	0.609999	0.007881	0.613055	0.000000	0.000000	0.144251
2.280000	0.610000	0.008931	0.612731	0.609999	0.007971	0.613059	0.000000	0.000000	0.145868
2.290000	0.610000	0.009031	0.612731	0.609999	0.008061	0.613063	0.000000	0.000000	0.147501
2.300000	0.610000	0.009132	0.612731	0.609999	0.008152	0.613067	0.000000	0.000000	0.149151
2.310000	0.610000	0.009234	0.612731	0.609999	0.008244	0.613070	0.000000	0.000000	0.150817
2.320000	0.610000	0.009337	0.612731	0.609999	0.008338	0.613074	0.000000	0.000000	0.152499
2.330000	0.610000	0.009441	0.612731	0.609999	0.008432	0.613078	0.000000	0.000000	0.154199
2.340000	0.610000	0.009546	0.612731	0.609999	0.008527	0.613082	0.000000	0.000000	0.155916
2.350000	0.610000	0.009652	0.612731	0.609998	0.008622	0.613086	0.000000	0.000000	0.157650
2.360000	0.610000	0.009759	0.612731	0.609998	0.008719	0.613090	0.000000	0.000000	0.159401
2.370000	0.610000	0.009868	0.612731	0.609998	0.008817	0.613094	0.000000	0.000000	0.161170
2.380000	0.610000	0.009977	0.612731	0.609998	0.008916	0.613098	0.000000	0.000000	0.162957
2.390000	0.610000	0.010087	0.612731	0.609998	0.009016	0.613103	0.000000	0.000000	0.164762
2.400000	0.610000	0.010199	0.612731	0.609998	0.009117	0.613107	0.000000	0.000000	0.166585
2.410000	0.610000	0.010312	0.612731	0.609998	0.009219	0.613111	0.000000	0.000000	0.168426
2.420000	0.610000	0.010426	0.612731	0.609998	0.009321	0.613115	0.000000	0.000000	0.170286
2.430000	0.610000	0.010541	0.612731	0.609998	0.009425	0.613120	0.000000	0.000000	0.172164
2.440000	0.610000	0.010657	0.612731	0.609998	0.009530	0.613124	0.000000	0.000000	0.174061
2.450000	0.610000	0.010774	0.612731	0.609998	0.009636	0.613128	0.000000	0.000000	0.175978
2.460000	0.610000	0.010893	0.612731	0.609998	0.009743	0.613133	0.000000	0.000000	0.177913
2.470000	0.610000	0.011012	0.612731	0.609998	0.009852	0.613137	0.000000	0.000000	0.179869
2.480000	0.610000	0.011133	0.612731	0.609998	0.009961	0.613142	0.000000	0.000000	0.181843
2.490000	0.610000	0.011255	0.612731	0.609998	0.010071	0.613146	0.000000	0.000000	0.183838
2.500000	0.610000	0.011379	0.612731	0.609998	0.010183	0.613151	0.000000	0.000000	0.185853
2.510000	0.610000	0.011503	0.612731	0.609998	0.010295	0.613156	0.000000	0.000000	0.187887
2.520000	0.610000	0.011629	0.612731	0.609998	0.010409	0.613160	0.000000	0.000000	0.189943
2.530000	0.610000	0.011756	0.612731	0.609998	0.010524	0.613165	0.000000	0.000000	0.192019
2.540000	0.610000	0.011885	0.612731	0.609998	0.010640	0.613170	0.000000	0.000000	0.194116
2.550000	0.610000	0.012014	0.612731	0.609998	0.010757	0.613175	0.000000	0.000000	0.196234
2.560000	0.610000	0.012145	0.612731	0.609997	0.010875	0.613180	0.000000	0.000000	0.198373
2.570000	0.610000	0.012278	0.612731	0.609997	0.010995	0.613185	0.000000	0.000000	0.200533
2.580000	0.610000	0.012411	0.612731	0.609997	0.011115	0.613190	0.000000	0.000000	0.202716
2.590000	0.610000	0.012546	0.612731	0.609997	0.011237	0.613195	0.000000	0.000000	0.204920
2.600000	0.610000	0.012682	0.612731	0.609997	0.011361	0.613200	0.000000	0.000000	0.207147
2.610000	0.610000	0.012820	0.612731	0.609997	0.011485	0.613205	0.000000	0.000000	0.209396
2.620000	0.610000	0.012959	0.612731	0.609997	0.011611	0.613211	0.000000	0.000000	0.211667
2.630000	0.610000	0.013100	0.612731	0.609997	0.011738	0.613216	0.000000	0.000000	0.213961
2.640000	0.610000	0.013242	0.612731	0.609997	0.011866	0.613221	0.000000	0.000000	0.216279
2.650000	0.610000	0.013385	0.612731	0.609997	0.011995	0.613227	0.000000	0.000000	0.218620
2.660000	0.610000	0.013530	0.612731	0.609997	0.012126	0.613232	0.000000	0.000000	0.220984
2.670000	0.610000	0.013676	0.612731	0.609997	0.012258	0.613238	0.000000	0.000000	0.223372
2.680000	0.610000	0.013823	0.612731	0.609997	0.012392	0.613243	0.000000	0.000000	0.225784
2.690000	0.610000	0.013973	0.612731	0.609997	0.012526	0.613249	0.000000	0.000000	0.228220
2.700000	0.610000	0.014123	0.612731	0.609997	0.012662	0.613254	0.000000	0.000000	0.230681
2.710000	0.610000	0.014275	0.612731	0.609996	0.012800	0.613260	0.000000	0.000000	0.233166
2.720000	0.610000	0.014429	0.612731	0.609996	0.012939	0.613266	0.000000	0.000000	0.235676
2.730000	0.610000	0.014584	0.612731	0.609996	0.013079	0.613272	0.000000	0.000000	0.238212
2.740000	0.610000	0.014741	0.612731	0.609996	0.013221	0.613278	0.000000	0.000000	0.240773
2.750000	0.610000	0.014900	0.612731	0.609996	0.013364	0.613284	0.000000	0.000000	0.243360
2.760000	0.610000	0.015060	0.612731	0.609996	0.013508	0.613290	0.000000	0.000000	0.245973
2.770000	0.610000	0.015221	0.612731	0.609996	0.013654	0.613296	0.000000	0.000000	0.248612
2.780000	0.610000	0.015384	0.612731	0.609996	0.013802	0.613302	0.000000	0.000000	0.251277
2.790000	0.610000	0.015549	0.612731	0.609996	0.013951	0.613308	0.000000	0.000000	0.253970
2.800000	0.610000	0.015716	0.612731	0.609996	0.014101	0.613315	0.000000	0.000000	0.256689
2.810000	0.610000	0.015884	0.612731	0.609996	0.014253	0.613321	0.000000	0.000000	0.259436
2.820000	0.610000	0.016054	0.612731	0.609995	0.014406	0.613328	0.000000	0.000000	0.262211
2.830000	0.610000	0.016225	0.612731	0.609995	0.014561	0.613334	0.000000	0.000000	0.265013
2.840000	0.610000	0.016399	0.612731	0.609995	0.014718	0.613341	0.000000	0.000000	0.267843
2.850000	0.610000	0.016574	0.612731	0.609995	0.014876	0.613347	0.000000	0.000000	0.270702
2.860000	0.610000	0.016750	0.612731	0.609995	0.015036	0.613354	0.000000	0.000000	0.273590
2.870000	0.610000	0.016929	0.612731	0.609995	0.015197	0.613361	0.000000	0.000000	0.276506
2.880000	0.610000	0.017109	0.612731	0.609995	0.015360	0.613368	0.000000	0.000000	0.279452
2.890000	0.610000	0.017292	0.612731	0.609995	0.015525	0.613374	0.000000	0.000000	0.282428
2.900000	0.610000	0.017476	0.612731	0.609995	0.015691	0.613381	0.000000	0.000000	0.285434
2.910000	0.610000	0.017661	0.612731	0.609994	0.015859	0.613388	0.000000	0.000000	0.288469
2.920000	0.610000	0.017849	0.612731	0.609994	0.016029	0.613396	0.000000	0.000000	0.291535
2.930000	0.610000	0.018039	0.612731	0.609994	0.016200	0.613403	0.000000	0.000000	0.294632
2.940000	0.610000	0.018230	0.612731	0.609994	0.016373	0.613410	0.000000	0.000000	0.297761
2.950000	0.610000	0.018424	0.612731	0.609994	0.016548	0.613417	0.000000	0.000000	0.300920
2.960000	0.610000	0.018619	0.612731	0.609994	0.016724	0.613425	0.000000	0.000000	0.304111
2.970000	0.610000	0.018816	0.612731	0.609994	0.016902	0.613432	0.000000	0.000000	0.307335
2.980000	0.610000	0.019016	0.612731	0.609994	0.017083	0.613440	0.000000	0.000000	0.310591
2.990000	0.610000	0.019217	0.612731	0.609993	0.017264	0.613448	0.000000	0.000000	0.313879
3.000000	0.610000	0.019420	0.612731	0.609993	0.017448	0.613455	0.000000	0.000000	0.317201
3.010000	0.610000	0.019626	0.612731	0.609993	0.017634	0.613463	0.000000	0.000000	0.320556
3.020000	0.610000	0.019833	0.612731	0.609993	0.017821	0.613471	0.000000	0.000000	0.323944
3.030000	0.610000	0.020043	0.612731	0.609993	0.018010	0.613479	0.000000	0.000000	0.327367
3.040000	0.610000	0.020255	0.612731	0.609993	0.018202	0.613487	0.000000	0.000000	0.330824
3.050000	0.610000	0.020468	0.612731	0.609992	0.018395	0.613495	0.000000	0.000000	0.334316
3.060000	0.610000	0.020684	0.612731	0.609992	0.018590	0.613504	0.000000	0.000000	0.337843
3.070000	0.610000	0.020902	0.612731	0.609992	0.018787	0.613512	0.000000	0.000000	0.341405
3.080000	0.610000	0.021123	0.612731	0.609992	0.018986	0.613520	0.000000	0.000000	0.345004
3.090000	0.610000	0.021345	0.612731	0.609992	0.019187	0.613529	0.000000	0.000000	0.348638
3.100000	0.610000	0.021570	0.612731	0.609992	0.019390	0.613537	0.000000	0.000000	0.352309
3.110000	0.610000	0.021797	0.612731	0.609991	0.019595	0.613546	0.000000	0.000000	0.356017
3.120000	0.610000	0.022026	0.612731	0.609991	0.019802	0.613555	0.000000	0.000000	0.359762
3.130000	0.610000	0.022258	0.612731	0.609991	0.020011	0.613564	0.000000	0.000000	0.363545
3.140000	0.610000	0.022492	0.612731	0.609991	0.020223	0.613573	0.000000	0.000000	0.367365
3.150000	0.610000	0.022728	0.612731	0.609991	0.020436	0.613582	0.000000	0.000000	0.371224
3.160000	0.610000	0.022967	0.612731	0.609990	0.020652	0.613591	0.000000	0.000000	0.375122
3.170000	0.610000	0.023208	0.612731	0.609990	0.020870	0.613600	0.000000	0.000000	0.379059
3.180000	0.610000	0.023451	0.612731	0.609990	0.021090	0.613609	0.000000	0.000000	0.383036
3.190000	0.610000	0.023697	0.612731	0.609990	0.021312	0.613619	0.000000	0.000000	0.387053
3.200000	0.610000	0.023945	0.612731	0.609990	0.021536	0.613628	0.000000	0.000000	0.391110
3.210000	0.610000	0.024196	0.612731	0.609989	0.021763	0.613638	0.000000	0.000000	0.395207
3.220000	0.610000	0.024450	0.612731	0.609989	0.021992	0.613648	0.000000	0.000000	0.399346
3.230000	0.610000	0.024706	0.612731	0.609989	0.022223	0.613657	0.000000	0.000000	0.403527
3.240000	0.610000	0.024964	0.612731	0.609989	0.022456	0.613667	0.000000	0.000000	0.407749
3.250000	0.610000	0.025225	0.612731	0.609988	0.022692	0.613677	0.000000	0.000000	0.412014
3.260000	0.610000	0.025489	0.612731	0.609988	0.022931	0.613687	0.000000	0.000000	0.416322
3.270000	0.610000	0.025756	0.612731	0.609988	0.023171	0.613698	0.000000	0.000000	0.420673
3.280000	0.610000	0.026025	0.612731	0.609988	0.023414	0.613708	0.000000	0.000000	0.425068
3.290000	0.610000	0.026296	0.612731	0.609987	0.023660	0.613719	0.000000	0.000000	0.429507
3.300000	0.610000	0.026571	0.612731	0.609987	0.023908	0.613729	0.000000	0.000000	0.433991
3.310000	0.610000	0.026848	0.612731	0.609987	0.024158	0.613740	0.000000	0.000000	0.438520
3.320000	0.610000	0.027128	0.612731	0.609987	0.024411	0.613751	0.000000	0.000000	0.443094
3.330000	0.610000	0.027411	0.612731	0.609986	0.024667	0.613761	0.000000	0.000000	0.447714
3.340000	0.610000	0.027697	0.612731	0.609986	0.024925	0.613772	0.000000	0.000000	0.452381
3.350000	0.610000	0.027985	0.612731	0.609986	0.025185	0.613784	0.000000	0.000000	0.457094
3.360000	0.610000	0.028277	0.612731	0.609985	0.025449	0.613795	0.000000	0.000000	0.461855
3.370000	0.610000	0.028571	0.612731	0.609985	0.025715	0.613806	0.000000	0.000000	0.466664
3.380000	0.610000	0.028869	0.612731	0.609985	0.025983	0.613818	0.000000	0.000000	0.471521
3.390000	0.610000	0.029169	0.612731	0.609984	0.026255	0.613829	0.000000	0.000000	0.476427
3.400000	0.610000	0.029472	0.612731	0.609984	0.026529	0.613841	0.000000	0.000000	0.481382
3.410000	0.610000	0.029779	0.612731	0.609984	0.026805	0.613853	0.000000	0.000000	0.486387
3.420000	0.610000	0.030088	0.612731	0.609983	0.027085	0.613865	0.000000	0.000000	0.491442
3.430000	0.610000	0.030401	0.612731	0.609983	0.027367	0.613877	0.000000	0.000000	0.496548
3.440000	0.610000	0.030717	0.612731	0.609983	0.027653	0.613889	0.000000	0.000000	0.501706
3.450000	0.610000	0.031036	0.612731	0.609982	0.027941	0.613901	0.000000	0.000000	0.506915
3.460000	0.610000	0.031358	0.612731	0.609982	0.028232	0.613914	0.000000	0.000000	0.512177
3.470000	0.610000	0.031683	0.612731	0.609982	0.028525	0.613926	0.000000	0.000000	0.517491
3.480000	0.610000	0.032012	0.612731	0.609981	0.028822	0.613939	0.000000	0.000000	0.522859
3.490000	0.610000	0.032344	0.612731	0.609981	0.029122	0.613952	0.000000	0.000000	0.528281
3.500000	0.610000	0.032679	0.612731	0.609980	0.029425	0.613965	0.000000	0.000000	0.533757
3.510000	0.610000	0.033018	0.612731	0.609980	0.029731	0.613978	0.000000	0.000000	0.539289
3.520000	0.610000	0.033360	0.612731	0.609980	0.030040	0.613992	0.000000	0.000000	0.544876
3.530000	0.610000	0.033705	0.612731	0.609979	0.030352	0.614005	0.000000	0.000000	0.550519
3.540000	0.610000	0.034054	0.612731	0.609979	0.030667	0.614019	0.000000	0.000000	0.556219
3.550000	0.610000	0.034407	0.612731	0.609978	0.030985	0.614032	0.000000	0.000000	0.561976
3.560000	0.610000	0.034763	0.612731	0.609978	0.031307	0.614046	0.000000	0.000000	0.567791
3.570000	0.610000	0.035122	0.612731	0.609977	0.031632	0.614060	0.000000	0.000000	0.573664
3.580000	0.610000	0.035486	0.612731	0.609977	0.031960	0.614074	0.000000	0.000000	0.579597
3.590000	0.610000	0.035852	0.612731	0.609976	0.032291	0.614089	0.000000	0.000000	0.585589
3.600000	0.610000	0.036223	0.612731	0.609976	0.032626	0.614103	0.000000	0.000000	0.591641
3.610000	0.610000	0.036597	0.612731	0.609975	0.032964	0.614118	0.000000	0.000000	0.597754
3.620000	0.610000	0.036975	0.612731	0.609975	0.033305	0.614132	0.000000	0.000000	0.603929
3.630000	0.610000	0.037357	0.612731	0.609974	0.033650	0.614147	0.000000	0.000000	0.610165
3.640000	0.610000	0.037743	0.612731	0.609974	0.033998	0.614162	0.000000	0.000000	0.616465
3.650000	0.610000	0.038132	0.612731	0.609973	0.034350	0.614178	0.000000	0.000000	0.622827
3.660000	0.610000	0.038526	0.612731	0.609973	0.034705	0.614193	0.000000	0.000000	0.629254
3.670000	0.610000	0.038923	0.612731	0.609972	0.035064	0.614209	0.000000	0.000000	0.635745
3.680000	0.610000	0.039325	0.612731	0.609971	0.035427	0.614224	0.000000	0.000000	0.642301
3.690000	0.610000	0.039730	0.612731	0.609971	0.035793	0.614240	0.000000	0.000000	0.648924
3.700000	0.610000	0.040140	0.612731	0.609970	0.036163	0.614256	0.000000	0.000000	0.655612
3.710000	0.610000	0.040553	0.612731	0.609970	0.036536	0.614272	0.000000	0.000000	0.662368
3.720000	0.610000	0.040971	0.612731	0.609969	0.036913	0.614289	0.000000	0.000000	0.669192
3.730000	0.610000	0.041393	0.612731	0.609968	0.037295	0.614305	0.000000	0.000000	0.676085
3.740000	0.610000	0.041819	0.612731	0.609968	0.037679	0.614322	0.000000	0.000000	0.683047
3.750000	0.610000	0.042250	0.612731	0.609967	0.038068	0.614339	0.000000	0.000000	0.690078
3.760000	0.610000	0.042685	0.612731	0.609966	0.038461	0.614356	0.000000	0.000000	0.697181
3.770000	0.610000	0.043124	0.612731	0.609966	0.038857	0.614373	0.000000	0.000000	0.704355
3.780000	0.610000	0.043567	0.612731	0.609965	0.039258	0.614391	0.000000	0.000000	0.711601
3.790000	0.610000	0.044015	0.612731	0.609964	0.039663	0.614409	0.000000	0.000000	0.718919
3.800000	0.610000	0.044468	0.612731	0.609963	0.040071	0.614426	0.000000	0.000000	0.726312
3.810000	0.610000	0.044925	0.612731	0.609963	0.040484	0.614445	0.000000	0.000000	0.733778
3.820000	0.610000	0.045387	0.612731	0.609962	0.040901	0.614463	0.000000	0.000000	0.741320
3.830000	0.610000	0.045853	0.612731	0.609961	0.041322	0.614481	0.000000	0.000000	0.748937
3.840000	0.610000	0.046324	0.612731	0.609960	0.041747	0.614500	0.000000	0.000000	0.756631
3.850000	0.610000	0.046800	0.612731	0.609959	0.042177	0.614519	0.000000	0.000000	0.764403
3.860000	0.610000	0.047281	0.612731	0.609958	0.042611	0.614538	0.000000	0.000000	0.772252
3.870000	0.610000	0.047766	0.612731	0.609958	0.043049	0.614557	0.000000	0.000000	0.780180
3.880000	0.610000	0.048256	0.612731	0.609957	0.043492	0.614576	0.000000	0.000000	0.788188
3.890000	0.610000	0.048752	0.612731	0.609956	0.043939	0.614596	0.000000	0.000000	0.796277
3.900000	0.610000	0.049252	0.612731	0.609955	0.044390	0.614616	0.000000	0.000000	0.804447
3.910000	0.610000	0.049757	0.612731	0.609954	0.044846	0.614636	0.000000	0.000000	0.812698
3.920000	0.610000	0.050267	0.612731	0.609953	0.045307	0.614656	0.000000	0.000000	0.821033
3.930000	0.610000	0.050783	0.612731	0.609952	0.045772	0.614677	0.000000	0.000000	0.829452
3.940000	0.610000	0.051303	0.612731	0.609951	0.046242	0.614697	0.000000	0.000000	0.837955
3.950000	0.610000	0.051829	0.612731	0.609950	0.046717	0.614718	0.000000	0.000000	0.846543
3.960000	0.610000	0.052360	0.612731	0.609949	0.047196	0.614740	0.000000	0.000000	0.855218
3.970000	0.610000	0.052897	0.612731	0.609948	0.047681	0.614761	0.000000	0.000000	0.863981
3.980000	0.610000	0.053439	0.612731	0.609947	0.048170	0.614783	0.000000	0.000000	0.872831
3.990000	0.610000	0.053986	0.612731	0.609946	0.048664	0.614804	0.000000	0.000000	0.881770
4.000000	0.610000	0.054539	0.612731	0.609944	0.049163	0.614827	0.000000	0.000000	0.890799
4.010000	0.610000	0.055097	0.612731	0.609943	0.049667	0.614849	0.000000	0.000000	0.899919
4.020000	0.610000	0.055661	0.612731	0.609942	0.050176	0.614871	0.000000	0.000000	0.909130
4.030000	0.610000	0.056231	0.612731	0.609941	0.050690	0.614894	0.000000	0.000000	0.918434
4.040000	0.610000	0.056806	0.612731	0.609940	0.051209	0.614917	0.000000	0.000000	0.927831
4.050000	0.610000	0.057387	0.612731	0.609938	0.051734	0.614941	0.000000	0.000000	0.937323
4.060000	0.610000	0.057974	0.612731	0.609937	0.052264	0.614964	0.000000	0.000000	0.946910
4.070000	0.610000	0.058567	0.612731	0.609936	0.052799	0.614988	0.000000	0.000000	0.956594
4.080000	0.610000	0.059166	0.612731	0.609934	0.053339	0.615012	0.000000	0.000000	0.966375
4.090000	0.610000	0.059771	0.612731	0.609933	0.053885	0.615036	0.000000	0.000000	0.976254
4.100000	0.610000	0.060382	0.612731	0.609932	0.054436	0.615061	0.000000	0.000000	0.986233
4.110000	0.610000	0.060999	0.612731	0.609930	0.054993	0.615086	0.000000	0.000000	0.996312
4.120000	0.610000	0.061622	0.612731	0.609929	0.055556	0.615111	0.000000	0.000000	1.006492
4.130000	0.610000	0.062251	0.612731	0.609927	0.056124	0.615136	0.000000	0.000000	1.016774
4.140000	0.610000	0.062887	0.612731	0.609926	0.056697	0.615162	0.000000	0.000000	1.027160
4.150000	0.610000	0.063530	0.612731	0.609924	0.057277	0.615188	0.000000	0.000000	1.037650
4.160000	0.610000	0.064178	0.612731	0.609923	0.057862	0.615214	0.000000	0.000000	1.048246
4.170000	0.610000	0.064834	0.612731	0.609921	0.058453	0.615241	0.000000	0.000000	1.058948
4.180000	0.610000	0.065495	0.612731	0.609919	0.059051	0.615268	0.000000	0.000000	1.069758
4.190000	0.610000	0.066164	0.612731	0.609918	0.059654	0.615295	0.000000	0.000000	1.080676
4.200000	0.610000	0.066839	0.612731	0.609916	0.060263	0.615322	0.000000	0.000000	1.091704
4.210000	0.610000	0.067521	0.612731	0.609914	0.060878	0.615350	0.000000	0.000000	1.102843
4.220000	0.610000	0.068210	0.612731	0.609912	0.061500	0.615378	0.000000	0.000000	1.114093
4.230000	0.610000	0.068906	0.612731	0.609911	0.062127	0.615406	0.000000	0.000000	1.125457
4.240000	0.610000	0.069608	0.612731	0.609909	0.062761	0.615435	0.000000	0.000000	1.136935
4.250000	0.610000	0.070318	0.612731	0.609907	0.063401	0.615464	0.000000	0.000000	1.148529
4.260000	0.610000	0.071035	0.612731	0.609905	0.064048	0.615493	0.000000	0.000000	1.160239
4.270000	0.610000	0.071759	0.612731	0.609903	0.064701	0.615523	0.000000	0.000000	1.172066
4.280000	0.610000	0.072491	0.612731	0.609901	0.065361	0.615553	0.000000	0.000000	1.184013
4.290000	0.610000	0.073229	0.612731	0.609899	0.066027	0.615583	0.000000	0.000000	1.196079
4.300000	0.610000	0.073976	0.612731	0.609897	0.066700	0.615613	0.000000	0.000000	1.208267
4.310000	0.610000	0.074729	0.612731	0.609895	0.067380	0.615644	0.000000	0.000000	1.220578
4.320000	0.610000	0.075491	0.612731	0.609892	0.068067	0.615675	0.000000	0.000000	1.233012
4.330000	0.610000	0.076259	0.612731	0.609890	0.068760	0.615707	0.000000	0.000000	1.245571
4.340000	0.610000	0.077036	0.612731	0.609888	0.069460	0.615739	0.000000	0.000000	1.258256
4.350000	0.610000	0.077821	0.612731	0.609885	0.070168	0.615771	0.000000	0.000000	1.271069
4.360000	0.610000	0.078613	0.612731	0.609883	0.070882	0.615804	0.000000	0.000000	1.284010
4.370000	0.610000	0.079413	0.612731	0.609881	0.071604	0.615837	0.000000	0.000000	1.297082
4.380000	0.610000	0.080222	0.612731	0.609878	0.072333	0.615870	0.000000	0.000000	1.310285
4.390000	0.610000	0.081038	0.612731	0.609876	0.073069	0.615904	0.000000	0.000000	1.323620
4.400000	0.610000	0.081863	0.612731	0.609873	0.073812	0.615938	0.000000	0.000000	1.337090
4.410000	0.610000	0.082696	0.612731	0.609870	0.074563	0.615972	0.000000	0.000000	1.350695
4.420000	0.610000	0.083537	0.612731	0.609868	0.075322	0.616007	0.000000	0.000000	1.364437
4.430000	0.610000	0.084387	0.612731	0.609865	0.076088	0.616042	0.000000	0.000000	1.378316
4.440000	0.610000	0.085245	0.612731	0.609862	0.076862	0.616078	0.000000	0.000000	1.392336
4.450000	0.610000	0.086112	0.612731	0.609859	0.077643	0.616114	0.000000	0.000000	1.406496
4.460000	0.610000	0.086988	0.612731	0.609856	0.078432	0.616150	0.000000	0.000000	1.420799
4.470000	0.610000	0.087872	0.612731	0.609853	0.079229	0.616187	0.000000	0.000000	1.435245
4.480000	0.610000	0.088765	0.612731	0.609850	0.080035	0.616224	0.000000	0.000000	1.449836
4.490000	0.610000	0.089668	0.612731	0.609847	0.080848	0.616262	0.000000	0.000000	1.464574
4.500000	0.610000	0.090579	0.612731	0.609844	0.081669	0.616300	0.000000	0.000000	1.479461
4.510000	0.610000	0.091500	0.612731	0.609841	0.082499	0.616339	0.000000	0.000000	1.494497
4.520000	0.610000	0.092430	0.612731	0.609837	0.083337	0.616377	0.000000	0.000000	1.509684
4.530000	0.610000	0.093369	0.612731	0.609834	0.084183	0.616417	0.000000	0.000000	1.525023
4.540000	0.610000	0.094317	0.612731	0.609830	0.085037	0.616456	0.000000	0.000000	1.540517
4.550000	0.610000	0.095275	0.612731	0.609827	0.085901	0.616497	0.000000	0.000000	1.556166
4.560000	0.610000	0.096243	0.612731	0.609823	0.086772	0.616537	0.000000	0.000000	1.571973
4.570000	0.610000	0.097221	0.612731	0.609820	0.087653	0.616578	0.000000	0.000000	1.587939
4.580000	0.610000	0.098208	0.612731	0.609816	0.088542	0.616620	0.000000	0.000000	1.604065
4.590000	0.610000	0.099205	0.612731	0.609812	0.089440	0.616662	0.000000	0.000000	1.620353
4.600000	0.610000	0.100213	0.612731	0.609808	0.090348	0.616704	0.000000	0.000000	1.636805
4.610000	0.610000	0.101230	0.612731	0.609804	0.091264	0.616747	0.000000	0.000000	1.653422
4.620000	0.610000	0.102258	0.612731	0.609800	0.092189	0.616791	0.000000	0.000000	1.670206
4.630000	0.610000	0.103295	0.612731	0.609796	0.093124	0.616835	0.000000	0.000000	1.687159
4.640000	0.610000	0.104344	0.612731	0.609791	0.094068	0.616879	0.000000	0.000000	1.704282
4.650000	0.610000	0.105403	0.612731	0.609787	0.095021	0.616924	0.000000	0.000000	1.721578
4.660000	0.610000	0.106472	0.612731	0.609783	0.095984	0.616969	0.000000	0.000000	1.739047
4.670000	0.610000	0.107553	0.612731	0.609778	0.096957	0.617015	0.000000	0.000000	1.756692
4.680000	0.610000	0.108644	0.612731	0.609773	0.097939	0.617061	0.000000	0.000000	1.774514
4.690000	0.610000	0.109746	0.612731	0.609769	0.098931	0.617108	0.000000	0.000000	1.792515
4.700000	0.610000	0.110859	0.612731	0.609764	0.099933	0.617156	0.000000	0.000000	1.810697
4.710000	0.610000	0.111983	0.612731	0.609759	0.100945	0.617204	0.000000	0.000000	1.829062
4.720000	0.610000	0.113119	0.612731	0.609754	0.101967	0.617252	0.000000	0.000000	1.847611
4.730000	0.610000	0.114266	0.612731	0.609749	0.102999	0.617301	0.000000	0.000000	1.866347
4.740000	0.610000	0.115425	0.612731	0.609743	0.104041	0.617351	0.000000	0.000000	1.885271
4.750000	0.610000	0.116595	0.612731	0.609738	0.105094	0.617401	0.000000	0.000000	1.904386
4.760000	0.610000	0.117777	0.612731	0.609732	0.106157	0.617451	0.000000	0.000000	1.923692
4.770000	0.610000	0.118971	0.612731	0.609727	0.107231	0.617503	0.000000	0.000000	1.943192
4.780000	0.610000	0.120177	0.612731	0.609721	0.108316	0.617554	0.000000	0.000000	1.962889
4.790000	0.610000	0.121395	0.612731	0.609715	0.109411	0.617607	0.000000	0.000000	1.982783
4.800000	0.610000	0.122625	0.612731	0.609709	0.110518	0.617660	0.000000	0.000000	2.002878
4.810000	0.610000	0.123868	0.612731	0.609703	0.111635	0.617713	0.000000	0.000000	2.023174
4.820000	0.610000	0.125123	0.612731	0.609697	0.112764	0.617767	0.000000	0.000000	2.043674
4.830000	0.610000	0.126391	0.612731	0.609690	0.113903	0.617822	0.000000	0.000000	2.064381
4.840000	0.610000	0.127671	0.612731	0.609684	0.115054	0.617878	0.000000	0.000000	2.085295
4.850000	0.610000	0.128964	0.612731	0.609677	0.116217	0.617934	0.000000	0.000000	2.106420
4.860000	0.610000	0.130271	0.612731	0.609670	0.117391	0.617990	0.000000	0.000000	2.127756
4.870000	0.610000	0.131590	0.612731	0.609663	0.118577	0.618047	0.000000	0.000000	2.149308
4.880000	0.610000	0.132923	0.612731	0.609656	0.119774	0.618105	0.000000	0.000000	2.171076
4.890000	0.610000	0.134269	0.612731	0.609649	0.120984	0.618164	0.000000	0.000000	2.193062
4.900000	0.610000	0.135629	0.612731	0.609641	0.122205	0.618223	0.000000	0.000000	2.215270
4.910000	0.610000	0.137002	0.612731	0.609634	0.123439	0.618283	0.000000	0.000000	2.237701
4.920000	0.610000	0.138389	0.612731	0.609626	0.124684	0.618343	0.000000	0.000000	2.260357
4.930000	0.610000	0.139790	0.612731	0.609618	0.125943	0.618404	0.000000	0.000000	2.283241
4.940000	0.610000	0.141205	0.612731	0.609610	0.127213	0.618466	0.000000	0.000000	2.306355
4.950000	0.610000	0.142635	0.612731	0.609602	0.128497	0.618529	0.000000	0.000000	2.329702
4.960000	0.610000	0.144079	0.612731	0.609593	0.129793	0.618592	0.000000	0.000000	2.353282
4.970000	0.610000	0.145537	0.612731	0.609585	0.131101	0.618656	0.000000	0.000000	2.377100
4.980000	0.610000	0.147010	0.612731	0.609576	0.132423	0.618721	0.000000	0.000000	2.401158
4.990000	0.610000	0.148497	0.612731	0.609567	0.133758	0.618786	0.000000	0.000000	2.425457
5.000000	0.610000	0.150000	0.612731	0.609557	0.135106	0.618852	0.000000	0.000000	2.450000
