Time [s]	Pos_0_x [m]	Pos_0_y [m]	Pos_0_z [m]	Pos_x [m]	Pos_y [m]	Pos_z [m]	Force_x [N]	Force_y [N]	Force_z [N]
0.000000	0.610000	0.001004	0.612731	0.610000	0.000000	0.612731	0.000000	0.000000	0.062913
0.010000	0.610000	0.001024	0.612731	0.610000	0.000098	0.612737	0.000000	0.000000	0.065462
0.020000	0.610000	0.001045	0.612731	0.610000	0.000167	0.612743	0.000000	0.000000	0.068115
0.030000	0.610000	0.001066	0.612731	0.610001	0.000239	0.612750	0.000000	0.000000	0.070874
0.040000	0.610000	0.001087	0.612731	0.610001	0.000306	0.612758	0.000000	0.000000	0.073743
0.050000	0.610000	0.001109	0.612731	0.610001	0.000370	0.612766	0.000000	0.000000	0.076728
0.060000	0.610000	0.001131	0.612731	0.610001	0.000432	0.612775	0.000000	0.000000	0.079833
0.070000	0.610000	0.001154	0.612731	0.610002	0.000491	0.612784	0.000000	0.000000	0.083062
0.080000	0.610000	0.001177	0.612731	0.610002	0.000547	0.612793	0.000000	0.000000	0.086421
0.090000	0.610000	0.001200	0.612731	0.610002	0.000601	0.612803	0.000000	0.000000	0.089914
0.100000	0.610000	0.001224	0.612731	0.610003	0.000653	0.612813	0.000000	0.000000	0.093547
0.110000	0.610000	0.001249	0.612731	0.610003	0.000704	0.612824	0.000000	0.000000	0.097325
0.120000	0.610000	0.001274	0.612731	0.610003	0.000752	0.612835	0.000000	0.000000	0.101254
0.130000	0.610000	0.001299	0.612731	0.610003	0.000799	0.612846	0.000000	0.000000	0.105340
0.140000	0.610000	0.001325	0.612731	0.610004	0.000844	0.612857	0.000000	0.000000	0.109589
0.150000	0.610000	0.001352	0.612731	0.610004	0.000888	0.612869	0.000000	0.000000	0.114007
0.160000	0.610000	0.001379	0.612731	0.610004	0.000930	0.612881	0.000000	0.000000	0.118601
0.170000	0.610000	0.001407	0.612731	0.610004	0.000971	0.612892	0.000000	0.000000	0.123378
0.180000	0.610000	0.001435	0.612731	0.610004	0.001012	0.612905	0.000000	0.000000	0.128344
0.190000	0.610000	0.001463	0.612731	0.610005	0.001051	0.612917	0.000000	0.000000	0.133508
0.200000	0.610000	0.001493	0.612731	0.610005	0.001090	0.612929	0.000000	0.000000	0.138876
0.210000	0.610000	0.001523	0.612731	0.610005	0.001128	0.612942	0.000000	0.000000	0.144456
0.220000	0.610000	0.001553	0.612731	0.610005	0.001165	0.612955	0.000000	0.000000	0.150258
0.230000	0.610000	0.001584	0.612731	0.610005	0.001202	0.612967	0.000000	0.000000	0.156288
0.240000	0.610000	0.001616	0.612731	0.610005	0.001239	0.612981	0.000000	0.000000	0.162556
0.250000	0.610000	0.001648	0.612731	0.610005	0.001275	0.612994	0.000000	0.000000	0.169070
0.260000	0.610000	0.001681	0.612731	0.610006	0.001311	0.613007	0.000000	0.000000	0.175841
0.270000	0.610000	0.001715	0.612731	0.610006	0.001346	0.613021	0.000000	0.000000	0.182878
0.280000	0.610000	0.001749	0.612731	0.610006	0.001382	0.613035	0.000000	0.000000	0.190190
0.290000	0.610000	0.001784	0.612731	0.610006	0.001417	0.613049	0.000000	0.000000	0.197789
0.300000	0.610000	0.001819	0.612731	0.610006	0.001452	0.613064	0.000000	0.000000	0.205684
0.310000	0.610000	0.001856	0.612731	0.610006	0.001488	0.613079	0.000000	0.000000	0.213887
0.320000	0.610000	0.001893	0.612731	0.610006	0.001523	0.613094	0.000000	0.000000	0.222409
0.330000	0.610000	0.001930	0.612731	0.610006	0.001559	0.613109	0.000000	0.000000	0.231263
0.340000	0.610000	0.001969	0.612731	0.610006	0.001595	0.613125	0.000000	0.000000	0.240459
0.350000	0.610000	0.002008	0.612731	0.610007	0.001631	0.613142	0.000000	0.000000	0.250012
0.360000	0.610000	0.002048	0.612731	0.610007	0.001667	0.613159	0.000000	0.000000	0.259933
0.370000	0.610000	0.002089	0.612731	0.610007	0.001704	0.613176	0.000000	0.000000	0.270236
0.380000	0.610000	0.002130	0.612731	0.610007	0.001741	0.613194	0.000000	0.000000	0.280935
0.390000	0.610000	0.002173	0.612731	0.610007	0.001778	0.613212	0.000000	0.000000	0.292044
0.400000	0.610000	0.002216	0.612731	0.610007	0.001816	0.613231	0.000000	0.000000	0.303577
0.410000	0.610000	0.002260	0.612731	0.610007	0.001854	0.613251	0.000000	0.000000	0.315551
0.420000	0.610000	0.002305	0.612731	0.610008	0.001893	0.613271	0.000000	0.000000	0.327979
0.430000	0.610000	0.002351	0.612731	0.610008	0.001932	0.613293	0.000000	0.000000	0.340879
0.440000	0.610000	0.002398	0.612731	0.610008	0.001972	0.613314	0.000000	0.000000	0.354266
0.450000	0.610000	0.002445	0.612731	0.610008	0.002013	0.613337	0.000000	0.000000	0.368158
0.460000	0.610000	0.002494	0.612731	0.610008	0.002054	0.613361	0.000000	0.000000	0.382571
0.470000	0.610000	0.002543	0.612731	0.610009	0.002096	0.613385	0.000000	0.000000	0.397524
0.480000	0.610000	0.002594	0.612731	0.610009	0.002138	0.613410	0.000000	0.000000	0.413034
0.490000	0.610000	0.002645	0.612731	0.610009	0.002181	0.613437	0.000000	0.000000	0.429121
0.500000	0.610000	0.002698	0.612731	0.610010	0.002225	0.613464	0.000000	0.000000	0.445803
0.510000	0.610000	0.002751	0.612731	0.610010	0.002270	0.613492	0.000000	0.000000	0.463100
0.520000	0.610000	0.002806	0.612731	0.610010	0.002315	0.613522	0.000000	0.000000	0.481033
0.530000	0.610000	0.002862	0.612731	0.610011	0.002362	0.613552	0.000000	0.000000	0.499621
0.540000	0.610000	0.002918	0.612731	0.610011	0.002409	0.613584	0.000000	0.000000	0.518885
0.550000	0.610000	0.002976	0.612731	0.610011	0.002457	0.613617	0.000000	0.000000	0.538847
0.560000	0.610000	0.003035	0.612731	0.610012	0.002505	0.613651	0.000000	0.000000	0.559529
0.570000	0.610000	0.003095	0.612731	0.610012	0.002555	0.613687	0.000000	0.000000	0.580953
0.580000	0.610000	0.003156	0.612731	0.610013	0.002606	0.613723	0.000000	0.000000	0.603140
0.590000	0.610000	0.003219	0.612731	0.610013	0.002658	0.613762	0.000000	0.000000	0.626116
0.600000	0.610000	0.003282	0.612731	0.610014	0.002710	0.613801	0.000000	0.000000	0.649901
0.610000	0.610000	0.003347	0.612731	0.610014	0.002764	0.613843	0.000000	0.000000	0.674521
0.620000	0.610000	0.003413	0.612731	0.610015	0.002819	0.613885	0.000000	0.000000	0.699999
0.630000	0.610000	0.003480	0.612731	0.610015	0.002874	0.613930	0.000000	0.000000	0.726359
0.640000	0.610000	0.003549	0.612731	0.610016	0.002931	0.613976	0.000000	0.000000	0.753625
0.650000	0.610000	0.003619	0.612731	0.610016	0.002989	0.614024	0.000000	0.000000	0.781823
0.660000	0.610000	0.003690	0.612731	0.610017	0.003048	0.614073	0.000000	0.000000	0.810977
0.670000	0.610000	0.003763	0.612731	0.610018	0.003108	0.614124	0.000000	0.000000	0.841113
0.680000	0.610000	0.003837	0.612731	0.610018	0.003169	0.614178	0.000000	0.000000	0.872254
0.690000	0.610000	0.003913	0.612731	0.610019	0.003232	0.614233	0.000000	0.000000	0.904426
0.700000	0.610000	0.003990	0.612731	0.610020	0.003295	0.614290	0.000000	0.000000	0.937655
0.710000	0.610000	0.004068	0.612731	0.610020	0.003360	0.614349	0.000000	0.000000	0.971964
0.720000	0.610000	0.004148	0.612731	0.610021	0.003426	0.614410	0.000000	0.000000	1.007380
0.730000	0.610000	0.004229	0.612731	0.610022	0.003494	0.614474	0.000000	0.000000	1.043926
0.740000	0.610000	0.004312	0.612731	0.610023	0.003562	0.614539	0.000000	0.000000	1.081627
0.750000	0.610000	0.004397	0.612731	0.610024	0.003632	0.614607	0.000000	0.000000	1.120507
0.760000	0.610000	0.004483	0.612731	0.610024	0.003704	0.614677	0.000000	0.000000	1.160590
0.770000	0.610000	0.004571	0.612731	0.610025	0.003777	0.614750	0.000000	0.000000	1.201899
0.780000	0.610000	0.004660	0.612731	0.610026	0.003851	0.614825	0.000000	0.000000	1.244455
0.790000	0.610000	0.004751	0.612731	0.610027	0.003926	0.614903	0.000000	0.000000	1.288282
0.800000	0.610000	0.004844	0.612731	0.610028	0.004003	0.614983	0.000000	0.000000	1.333400
0.810000	0.610000	0.004939	0.612731	0.610029	0.004082	0.615066	0.000000	0.000000	1.379829
0.820000	0.610000	0.005035	0.612731	0.610030	0.004162	0.615151	0.000000	0.000000	1.427589
0.830000	0.610000	0.005134	0.612731	0.610031	0.004243	0.615239	0.000000	0.000000	1.476697
0.840000	0.610000	0.005234	0.612731	0.610032	0.004326	0.615330	0.000000	0.000000	1.527172
0.850000	0.610000	0.005336	0.612731	0.610033	0.004411	0.615424	0.000000	0.000000	1.579027
0.860000	0.610000	0.005440	0.612731	0.610034	0.004497	0.615521	0.000000	0.000000	1.632278
0.870000	0.610000	0.005545	0.612731	0.610035	0.004585	0.615621	0.000000	0.000000	1.686938
0.880000	0.610000	0.005653	0.612731	0.610036	0.004675	0.615725	0.000000	0.000000	1.743018
0.890000	0.610000	0.005763	0.612731	0.610038	0.004766	0.615831	0.000000	0.000000	1.800526
0.900000	0.610000	0.005875	0.612731	0.610039	0.004859	0.615940	0.000000	0.000000	1.859471
0.910000	0.610000	0.005989	0.612731	0.610040	0.004954	0.616053	0.000000	0.000000	1.919859
0.920000	0.610000	0.006105	0.612731	0.610041	0.005051	0.616169	0.000000	0.000000	1.981692
0.930000	0.610000	0.006223	0.612731	0.610042	0.005149	0.616288	0.000000	0.000000	2.044972
0.940000	0.610000	0.006343	0.612731	0.610044	0.005249	0.616411	0.000000	0.000000	2.109698
0.950000	0.610000	0.006466	0.612731	0.610045	0.005351	0.616537	0.000000	0.000000	2.175867
0.960000	0.610000	0.006591	0.612731	0.610046	0.005455	0.616666	0.000000	0.000000	2.243472
0.970000	0.610000	0.006718	0.612731	0.610048	0.005561	0.616800	0.000000	0.000000	2.312506
0.980000	0.610000	0.006848	0.612731	0.610049	0.005669	0.616936	0.000000	0.000000	2.382957
0.990000	0.610000	0.006980	0.612731	0.610050	0.005779	0.617076	0.000000	0.000000	2.454810
1.000000	0.610000	0.007114	0.612731	0.610052	0.005891	0.617220	0.000000	0.000000	2.528049
1.010000	0.610000	0.007251	0.612731	0.610053	0.006005	0.617368	0.000000	0.000000	2.602655
1.020000	0.610000	0.007390	0.612731	0.610054	0.006121	0.617519	0.000000	0.000000	2.678604
1.030000	0.610000	0.007532	0.612731	0.610056	0.006239	0.617674	0.000000	0.000000	2.755871
1.040000	0.610000	0.007676	0.612731	0.610057	0.006360	0.617832	0.000000	0.000000	2.834427
1.050000	0.610000	0.007823	0.612731	0.610058	0.006482	0.617995	0.000000	0.000000	2.914240
1.060000	0.610000	0.007973	0.612731	0.610060	0.006607	0.618161	0.000000	0.000000	2.995275
1.070000	0.610000	0.008125	0.612731	0.610061	0.006734	0.618330	0.000000	0.000000	3.077494
1.080000	0.610000	0.008280	0.612731	0.610062	0.006864	0.618504	0.000000	0.000000	3.160856
1.090000	0.610000	0.008438	0.612731	0.610064	0.006996	0.618680	0.000000	0.000000	3.245317
1.100000	0.610000	0.008599	0.612731	0.610065	0.007130	0.618861	0.000000	0.000000	3.330831
1.110000	0.610000	0.008762	0.612731	0.610066	0.007266	0.619045	0.000000	0.000000	3.417346
1.120000	0.610000	0.008929	0.612731	0.610068	0.007405	0.619233	0.000000	0.000000	3.504811
1.130000	0.610000	0.009098	0.612731	0.610069	0.007547	0.619424	0.000000	0.000000	3.593170
1.140000	0.610000	0.009271	0.612731	0.610070	0.007691	0.619618	0.000000	0.000000	3.682365
1.150000	0.610000	0.009446	0.612731	0.610072	0.007838	0.619816	0.000000	0.000000	3.772336
1.160000	0.610000	0.009625	0.612731	0.610073	0.007987	0.620018	0.000000	0.000000	3.863020
1.170000	0.610000	0.009806	0.612731	0.610074	0.008139	0.620222	0.000000	0.000000	3.954352
1.180000	0.610000	0.009991	0.612731	0.610075	0.008294	0.620430	0.000000	0.000000	4.046265
1.190000	0.610000	0.010179	0.612731	0.610076	0.008451	0.620641	0.000000	0.000000	4.138692
1.200000	0.610000	0.010371	0.612731	0.610077	0.008611	0.620854	0.000000	0.000000	4.231560
1.210000	0.610000	0.010566	0.612731	0.610078	0.008774	0.621071	0.000000	0.000000	4.324800
1.220000	0.610000	0.010764	0.612731	0.610079	0.008940	0.621290	0.000000	0.000000	4.418338
1.230000	0.610000	0.010965	0.612731	0.610080	0.009108	0.621511	0.000000	0.000000	4.512100
1.240000	0.610000	0.011170	0.612731	0.610081	0.009280	0.621736	0.000000	0.000000	4.606013
1.250000	0.610000	0.011379	0.612731	0.610081	0.009455	0.621962	0.000000	0.000000	4.700000
1.260000	0.610000	0.011591	0.612731	0.610082	0.009632	0.622191	0.000000	0.000000	4.793987
1.270000	0.610000	0.011807	0.612731	0.610083	0.009813	0.622422	0.000000	0.000000	4.887900
1.280000	0.610000	0.012026	0.612731	0.610083	0.009997	0.622654	0.000000	0.000000	4.981662
1.290000	0.610000	0.012249	0.612731	0.610083	0.010184	0.622888	0.000000	0.000000	5.075200
1.300000	0.610000	0.012476	0.612731	0.610084	0.010374	0.623124	0.000000	0.000000	5.168440
1.310000	0.610000	0.012707	0.612731	0.610084	0.010568	0.623361	0.000000	0.000000	5.261308
1.320000	0.610000	0.012941	0.612731	0.610084	0.010764	0.623600	0.000000	0.000000	5.353735
1.330000	0.610000	0.013180	0.612731	0.610084	0.010965	0.623839	0.000000	0.000000	5.445648
1.340000	0.610000	0.013422	0.612731	0.610084	0.011168	0.624079	0.000000	0.000000	5.536980
1.350000	0.610000	0.013668	0.612731	0.610084	0.011375	0.624320	0.000000	0.000000	5.627664
1.360000	0.610000	0.013919	0.612731	0.610084	0.011586	0.624561	0.000000	0.000000	5.717635
1.370000	0.610000	0.014174	0.612731	0.610083	0.011800	0.624802	0.000000	0.000000	5.806830
1.380000	0.610000	0.014432	0.612731	0.610083	0.012017	0.625044	0.000000	0.000000	5.895189
1.390000	0.610000	0.014695	0.612731	0.610082	0.012239	0.625285	0.000000	0.000000	5.982654
1.400000	0.610000	0.014963	0.612731	0.610081	0.012464	0.625526	0.000000	0.000000	6.069169
1.410000	0.610000	0.015234	0.612731	0.610080	0.012693	0.625766	0.000000	0.000000	6.154683
1.420000	0.610000	0.015510	0.612731	0.610079	0.012925	0.626006	0.000000	0.000000	6.239144
1.430000	0.610000	0.015790	0.612731	0.610078	0.013162	0.626245	0.000000	0.000000	6.322506
1.440000	0.610000	0.016075	0.612731	0.610077	0.013402	0.626482	0.000000	0.000000	6.404725
1.450000	0.610000	0.016365	0.612731	0.610076	0.013646	0.626718	0.000000	0.000000	6.485760
1.460000	0.610000	0.016658	0.612731	0.610074	0.013895	0.626953	0.000000	0.000000	6.565573
1.470000	0.610000	0.016957	0.612731	0.610072	0.014147	0.627186	0.000000	0.000000	6.644129
1.480000	0.610000	0.017260	0.612731	0.610071	0.014404	0.627417	0.000000	0.000000	6.721396
1.490000	0.610000	0.017568	0.612731	0.610069	0.014664	0.627646	0.000000	0.000000	6.797345
1.500000	0.610000	0.017880	0.612731	0.610067	0.014929	0.627873	0.000000	0.000000	6.871951
1.510000	0.610000	0.018198	0.612731	0.610065	0.015199	0.628097	0.000000	0.000000	6.945190
1.520000	0.610000	0.018520	0.612731	0.610062	0.015472	0.628319	0.000000	0.000000	7.017043
1.530000	0.610000	0.018847	0.612731	0.610060	0.015750	0.628539	0.000000	0.000000	7.087494
1.540000	0.610000	0.019179	0.612731	0.610058	0.016033	0.628755	0.000000	0.000000	7.156528
1.550000	0.610000	0.019516	0.612731	0.610055	0.016320	0.628969	0.000000	0.000000	7.224133
1.560000	0.610000	0.019858	0.612731	0.610053	0.016611	0.629179	0.000000	0.000000	7.290302
1.570000	0.610000	0.020205	0.612731	0.610050	0.016907	0.629386	0.000000	0.000000	7.355028
1.580000	0.610000	0.020558	0.612731	0.610047	0.017208	0.629590	0.000000	0.000000	7.418308
1.590000	0.610000	0.020915	0.612731	0.610044	0.017513	0.629791	0.000000	0.000000	7.480141
1.600000	0.610000	0.021278	0.612731	0.610041	0.017823	0.629988	0.000000	0.000000	7.540529
1.610000	0.610000	0.021645	0.612731	0.610038	0.018138	0.630182	0.000000	0.000000	7.599474
1.620000	0.610000	0.022019	0.612731	0.610035	0.018458	0.630371	0.000000	0.000000	7.656982
1.630000	0.610000	0.022397	0.612731	0.610031	0.018783	0.630558	0.000000	0.000000	7.713062
1.640000	0.610000	0.022781	0.612731	0.610028	0.019112	0.630740	0.000000	0.000000	7.767722
1.650000	0.610000	0.023170	0.612731	0.610025	0.019447	0.630919	0.000000	0.000000	7.820973
1.660000	0.610000	0.023564	0.612731	0.610021	0.019787	0.631093	0.000000	0.000000	7.872828
1.670000	0.610000	0.023964	0.612731	0.610018	0.020131	0.631264	0.000000	0.000000	7.923303
1.680000	0.610000	0.024370	0.612731	0.610014	0.020481	0.631431	0.000000	0.000000	7.972411
1.690000	0.610000	0.024781	0.612731	0.610010	0.020836	0.631594	0.000000	0.000000	8.020171
1.700000	0.610000	0.025197	0.612731	0.610007	0.021197	0.631753	0.000000	0.000000	8.066600
1.710000	0.610000	0.025619	0.612731	0.610003	0.021562	0.631908	0.000000	0.000000	8.111718
1.720000	0.610000	0.026047	0.612731	0.609999	0.021933	0.632059	0.000000	0.000000	8.155545
1.730000	0.610000	0.026480	0.612731	0.609995	0.022309	0.632207	0.000000	0.000000	8.198101
1.740000	0.610000	0.026919	0.612731	0.609992	0.022690	0.632350	0.000000	0.000000	8.239410
1.750000	0.610000	0.027364	0.612731	0.609988	0.023077	0.632489	0.000000	0.000000	8.279493
1.760000	0.610000	0.027814	0.612731	0.609984	0.023469	0.632625	0.000000	0.000000	8.318373
1.770000	0.610000	0.028270	0.612731	0.609980	0.023867	0.632757	0.000000	0.000000	8.356074
1.780000	0.610000	0.028732	0.612731	0.609976	0.024270	0.632885	0.000000	0.000000	8.392620
1.790000	0.610000	0.029199	0.612731	0.609973	0.024679	0.633009	0.000000	0.000000	8.428036
1.800000	0.610000	0.029672	0.612731	0.609969	0.025093	0.633129	0.000000	0.000000	8.462345
1.810000	0.610000	0.030151	0.612731	0.609965	0.025513	0.633246	0.000000	0.000000	8.495574
1.820000	0.610000	0.030636	0.612731	0.609961	0.025939	0.633359	0.000000	0.000000	8.527746
1.830000	0.610000	0.031127	0.612731	0.609957	0.026370	0.633469	0.000000	0.000000	8.558887
1.840000	0.610000	0.031623	0.612731	0.609954	0.026807	0.633576	0.000000	0.000000	8.589023
1.850000	0.610000	0.032125	0.612731	0.609950	0.027249	0.633679	0.000000	0.000000	8.618177
1.860000	0.610000	0.032633	0.612731	0.609946	0.027697	0.633778	0.000000	0.000000	8.646375
1.870000	0.610000	0.033146	0.612731	0.609942	0.028151	0.633874	0.000000	0.000000	8.673641
1.880000	0.610000	0.033665	0.612731	0.609939	0.028610	0.633968	0.000000	0.000000	8.700001
1.890000	0.610000	0.034190	0.612731	0.609935	0.029075	0.634058	0.000000	0.000000	8.725479
1.900000	0.610000	0.034721	0.612731	0.609932	0.029546	0.634145	0.000000	0.000000	8.750099
1.910000	0.610000	0.035258	0.612731	0.609928	0.030023	0.634229	0.000000	0.000000	8.773884
1.920000	0.610000	0.035800	0.612731	0.609924	0.030505	0.634310	0.000000	0.000000	8.796860
1.930000	0.610000	0.036348	0.612731	0.609921	0.030993	0.634389	0.000000	0.000000	8.819047
1.940000	0.610000	0.036902	0.612731	0.609918	0.031487	0.634464	0.000000	0.000000	8.840471
1.950000	0.610000	0.037461	0.612731	0.609914	0.031987	0.634537	0.000000	0.000000	8.861153
1.960000	0.610000	0.038026	0.612731	0.609911	0.032492	0.634608	0.000000	0.000000	8.881115
1.970000	0.610000	0.038596	0.612731	0.609907	0.033003	0.634676	0.000000	0.000000	8.900379
1.980000	0.610000	0.039172	0.612731	0.609904	0.033520	0.634742	0.000000	0.000000	8.918967
1.990000	0.610000	0.039754	0.612731	0.609901	0.034042	0.634805	0.000000	0.000000	8.936900
2.000000	0.610000	0.040341	0.612731	0.609898	0.034570	0.634866	0.000000	0.000000	8.954197
2.010000	0.610000	0.040934	0.612731	0.609894	0.035104	0.634925	0.000000	0.000000	8.970879
2.020000	0.610000	0.041532	0.612731	0.609891	0.035644	0.634981	0.000000	0.000000	8.986966
2.030000	0.610000	0.042135	0.612731	0.609888	0.036189	0.635036	0.000000	0.000000	9.002476
2.040000	0.610000	0.042744	0.612731	0.609885	0.036740	0.635089	0.000000	0.000000	9.017429
2.050000	0.610000	0.043358	0.612731	0.609882	0.037296	0.635139	0.000000	0.000000	9.031842
2.060000	0.610000	0.043977	0.612731	0.609879	0.037858	0.635188	0.000000	0.000000	9.045734
2.070000	0.610000	0.044601	0.612731	0.609876	0.038426	0.635235	0.000000	0.000000	9.059121
2.080000	0.610000	0.045230	0.612731	0.609873	0.038999	0.635281	0.000000	0.000000	9.072021
2.090000	0.610000	0.045865	0.612731	0.609871	0.039577	0.635324	0.000000	0.000000	9.084449
2.100000	0.610000	0.046504	0.612731	0.609868	0.040161	0.635366	0.000000	0.000000	9.096423
2.110000	0.610000	0.047148	0.612731	0.609865	0.040750	0.635407	0.000000	0.000000	9.107956
2.120000	0.610000	0.047797	0.612731	0.609862	0.041345	0.635446	0.000000	0.000000	9.119065
2.130000	0.610000	0.048451	0.612731	0.609860	0.041945	0.635483	0.000000	0.000000	9.129764
2.140000	0.610000	0.049109	0.612731	0.609857	0.042550	0.635519	0.000000	0.000000	9.140067
2.150000	0.610000	0.049772	0.612731	0.609854	0.043161	0.635554	0.000000	0.000000	9.149988
2.160000	0.610000	0.050439	0.612731	0.609852	0.043776	0.635587	0.000000	0.000000	9.159541
2.170000	0.610000	0.051111	0.612731	0.609849	0.044397	0.635619	0.000000	0.000000	9.168737
2.180000	0.610000	0.051787	0.612731	0.609847	0.045022	0.635650	0.000000	0.000000	9.177591
2.190000	0.610000	0.052467	0.612731	0.609844	0.045653	0.635680	0.000000	0.000000	9.186113
2.200000	0.610000	0.053152	0.612731	0.609842	0.046289	0.635709	0.000000	0.000000	9.194316
2.210000	0.610000	0.053840	0.612731	0.609839	0.046929	0.635736	0.000000	0.000000	9.202211
2.220000	0.610000	0.054532	0.612731	0.609837	0.047574	0.635762	0.000000	0.000000	9.209810
2.230000	0.610000	0.055228	0.612731	0.609834	0.048224	0.635788	0.000000	0.000000	9.217122
2.240000	0.610000	0.055928	0.612731	0.609832	0.048879	0.635812	0.000000	0.000000	9.224159
2.250000	0.610000	0.056631	0.612731	0.609830	0.049538	0.635836	0.000000	0.000000	9.230930
2.260000	0.610000	0.057338	0.612731	0.609827	0.050201	0.635858	0.000000	0.000000	9.237444
2.270000	0.610000	0.058048	0.612731	0.609825	0.050869	0.635880	0.000000	0.000000	9.243712
2.280000	0.610000	0.058761	0.612731	0.609823	0.051541	0.635900	0.000000	0.000000	9.249742
2.290000	0.610000	0.059478	0.612731	0.609820	0.052217	0.635920	0.000000	0.000000	9.255544
2.300000	0.610000	0.060197	0.612731	0.609818	0.052897	0.635939	0.000000	0.000000	9.261124
2.310000	0.610000	0.060919	0.612731	0.609816	0.053582	0.635957	0.000000	0.000000	9.266492
2.320000	0.610000	0.061644	0.612731	0.609814	0.054270	0.635975	0.000000	0.000000	9.271656
2.330000	0.610000	0.062371	0.612731	0.609812	0.054962	0.635991	0.000000	0.000000	9.276622
2.340000	0.610000	0.063101	0.612731	0.609810	0.055658	0.636007	0.000000	0.000000	9.281399
2.350000	0.610000	0.063834	0.612731	0.609808	0.056357	0.636023	0.000000	0.000000	9.285993
2.360000	0.610000	0.064568	0.612731	0.609805	0.057060	0.636037	0.000000	0.000000	9.290411
2.370000	0.610000	0.065305	0.612731	0.609803	0.057766	0.636051	0.000000	0.000000	9.294660
2.380000	0.610000	0.066043	0.612731	0.609801	0.058475	0.636064	0.000000	0.000000	9.298746
2.390000	0.610000	0.066783	0.612731	0.609799	0.059188	0.636077	0.000000	0.000000	9.302675
2.400000	0.610000	0.067525	0.612731	0.609797	0.059903	0.636089	0.000000	0.000000	9.306453
2.410000	0.610000	0.068268	0.612731	0.609796	0.060622	0.636100	0.000000	0.000000	9.310086
2.420000	0.610000	0.069013	0.612731	0.609794	0.061343	0.636111	0.000000	0.000000	9.313579
2.430000	0.610000	0.069759	0.612731	0.609792	0.062067	0.636122	0.000000	0.000000	9.316938
2.440000	0.610000	0.070505	0.612731	0.609790	0.062793	0.636131	0.000000	0.000000	9.320167
2.450000	0.610000	0.071253	0.612731	0.609788	0.063522	0.636141	0.000000	0.000000	9.323272
2.460000	0.610000	0.072002	0.612731	0.609786	0.064253	0.636149	0.000000	0.000000	9.326257
2.470000	0.610000	0.072751	0.612731	0.609785	0.064986	0.636158	0.000000	0.000000	9.329126
2.480000	0.610000	0.073500	0.612731	0.609783	0.065721	0.636165	0.000000	0.000000	9.331885
2.490000	0.610000	0.074250	0.612731	0.609781	0.066459	0.636173	0.000000	0.000000	9.334538
2.500000	0.610000	0.075000	0.612731	0.609780	0.067197	0.636179	0.000000	0.000000	9.337087
2.510000	0.610000	0.075750	0.612731	0.609778	0.067937	0.636186	0.000000	0.000000	0.000000
2.520000	0.610000	0.076500	0.612731	0.609697	0.068058	0.635744	0.000000	0.000000	0.000000
2.530000	0.610000	0.077249	0.612731	0.609645	0.068478	0.635196	0.000000	0.000000	0.000000
2.540000	0.610000	0.077998	0.612731	0.609582	0.068940	0.634480	0.000000	0.000000	0.000000
2.550000	0.610000	0.078747	0.612731	0.609524	0.069500	0.633638	0.000000	0.000000	0.000000
2.560000	0.610000	0.079495	0.612731	0.609467	0.070123	0.632685	0.000000	0.000000	0.000000
2.570000	0.610000	0.080241	0.612731	0.609413	0.070813	0.631644	0.000000	0.000000	0.000000
2.580000	0.610000	0.080987	0.612731	0.609363	0.071551	0.630530	0.000000	0.000000	0.000000
2.590000	0.610000	0.081732	0.612731	0.609317	0.072338	0.629365	0.000000	0.000000	0.000000
2.600000	0.610000	0.082475	0.612731	0.609276	0.073156	0.628161	0.000000	0.000000	0.000000
2.610000	0.610000	0.083217	0.612731	0.609239	0.074009	0.626938	0.000000	0.000000	0.000000
2.620000	0.610000	0.083957	0.612731	0.609208	0.074880	0.625705	0.000000	0.000000	0.000000
2.630000	0.610000	0.084695	0.612731	0.609181	0.075774	0.624479	0.000000	0.000000	0.000000
2.640000	0.610000	0.085432	0.612731	0.609161	0.076675	0.623268	0.000000	0.000000	0.000000
2.650000	0.610000	0.086166	0.612731	0.609146	0.077591	0.622085	0.000000	0.000000	0.000000
2.660000	0.610000	0.086899	0.612731	0.609137	0.078504	0.620935	0.000000	0.000000	0.000000
2.670000	0.610000	0.087629	0.612731	0.609132	0.079425	0.619830	0.000000	0.000000	0.000000
2.680000	0.610000	0.088356	0.612731	0.609134	0.080336	0.618771	0.000000	0.000000	0.000000
2.690000	0.610000	0.089081	0.612731	0.609139	0.081251	0.617768	0.000000	0.000000	0.000000
2.700000	0.610000	0.089803	0.612731	0.609150	0.082149	0.616821	0.000000	0.000000	0.000000
2.710000	0.610000	0.090522	0.612731	0.609165	0.083047	0.615938	0.000000	0.000000	0.000000
2.720000	0.610000	0.091239	0.612731	0.609185	0.083925	0.615115	0.000000	0.000000	0.000000
2.730000	0.610000	0.091952	0.612731	0.609206	0.084801	0.614360	0.000000	0.000000	0.000000
2.740000	0.610000	0.092662	0.612731	0.609233	0.085653	0.613667	0.000000	0.000000	0.000000
2.750000	0.610000	0.093369	0.612731	0.609261	0.086503	0.613042	0.000000	0.000000	0.000000
2.760000	0.610000	0.094072	0.612731	0.609293	0.087326	0.612477	0.000000	0.000000	0.000000
2.770000	0.610000	0.094772	0.612731	0.609325	0.088146	0.611979	0.000000	0.000000	0.000000
2.780000	0.610000	0.095468	0.612731	0.609361	0.088940	0.611538	0.000000	0.000000	0.000000
2.790000	0.610000	0.096160	0.612731	0.609395	0.089731	0.611160	0.000000	0.000000	0.000000
2.800000	0.610000	0.096848	0.612731	0.609433	0.090493	0.610833	0.000000	0.000000	0.000000
2.810000	0.610000	0.097533	0.612731	0.609468	0.091255	0.610564	0.000000	0.000000	0.000000
2.820000	0.610000	0.098213	0.612731	0.609506	0.091989	0.610341	0.000000	0.000000	0.000000
2.830000	0.610000	0.098889	0.612731	0.609541	0.092724	0.610170	0.000000	0.000000	0.000000
2.840000	0.610000	0.099561	0.612731	0.609578	0.093430	0.610037	0.000000	0.000000	0.000000
2.850000	0.610000	0.100228	0.612731	0.609611	0.094139	0.609950	0.000000	0.000000	0.000000
2.860000	0.610000	0.100891	0.612731	0.609646	0.094821	0.609893	0.000000	0.000000	0.000000
2.870000	0.610000	0.101549	0.612731	0.609677	0.095507	0.609877	0.000000	0.000000	0.000000
2.880000	0.610000	0.102203	0.612731	0.609710	0.096166	0.609883	0.000000	0.000000	0.000000
2.890000	0.610000	0.102852	0.612731	0.609737	0.096833	0.609923	0.000000	0.000000	0.000000
2.900000	0.610000	0.103496	0.612731	0.609767	0.097472	0.609980	0.000000	0.000000	0.000000
2.910000	0.610000	0.104135	0.612731	0.609791	0.098122	0.610063	0.000000	0.000000	0.000000
2.920000	0.610000	0.104770	0.612731	0.609816	0.098745	0.610157	0.000000	0.000000	0.000000
2.930000	0.610000	0.105399	0.612731	0.609837	0.099381	0.610273	0.000000	0.000000	0.000000
2.940000	0.610000	0.106023	0.612731	0.609859	0.099989	0.610392	0.000000	0.000000	0.000000
2.950000	0.610000	0.106642	0.612731	0.609875	0.100613	0.610529	0.000000	0.000000	0.000000
2.960000	0.610000	0.107256	0.612731	0.609894	0.101210	0.610665	0.000000	0.000000	0.000000
2.970000	0.610000	0.107865	0.612731	0.609906	0.101824	0.610814	0.000000	0.000000	0.000000
2.980000	0.610000	0.108468	0.612731	0.609922	0.102411	0.610956	0.000000	0.000000	0.000000
2.990000	0.610000	0.109066	0.612731	0.609931	0.103018	0.611109	0.000000	0.000000	0.000000
3.000000	0.610000	0.109659	0.612731	0.609943	0.103597	0.611252	0.000000	0.000000	0.000000
3.010000	0.610000	0.110246	0.612731	0.609949	0.104198	0.611403	0.000000	0.000000	0.000000
3.020000	0.610000	0.110828	0.612731	0.609959	0.104770	0.611540	0.000000	0.000000	0.000000
3.030000	0.610000	0.111404	0.612731	0.609962	0.105367	0.611683	0.000000	0.000000	0.000000
3.040000	0.610000	0.111974	0.612731	0.609969	0.105933	0.611811	0.000000	0.000000	0.000000
3.050000	0.610000	0.112539	0.612731	0.609969	0.106525	0.611943	0.000000	0.000000	0.000000
3.060000	0.610000	0.113098	0.612731	0.609974	0.107086	0.612057	0.000000	0.000000	0.000000
3.070000	0.610000	0.113652	0.612731	0.609973	0.107675	0.612176	0.000000	0.000000	0.000000
3.080000	0.610000	0.114200	0.612731	0.609976	0.108231	0.612276	0.000000	0.000000	0.000000
3.090000	0.610000	0.114742	0.612731	0.609973	0.108816	0.612380	0.000000	0.000000	0.000000
3.100000	0.610000	0.115279	0.612731	0.609975	0.109367	0.612463	0.000000	0.000000	0.000000
3.110000	0.610000	0.115810	0.612731	0.609971	0.109949	0.612551	0.000000	0.000000	0.000000
3.120000	0.610000	0.116335	0.612731	0.609972	0.110494	0.612618	0.000000	0.000000	0.000000
3.130000	0.610000	0.116854	0.612731	0.609966	0.111072	0.612691	0.000000	0.000000	0.000000
3.140000	0.610000	0.117367	0.612731	0.609968	0.111612	0.612742	0.000000	0.000000	0.000000
3.150000	0.610000	0.117875	0.612731	0.609961	0.112185	0.612801	0.000000	0.000000	0.000000
3.160000	0.610000	0.118377	0.612731	0.609962	0.112718	0.612836	0.000000	0.000000	0.000000
3.170000	0.610000	0.118873	0.612731	0.609955	0.113287	0.612881	0.000000	0.000000	0.000000
3.180000	0.610000	0.119364	0.612731	0.609956	0.113813	0.612903	0.000000	0.000000	0.000000
3.190000	0.610000	0.119849	0.612731	0.609948	0.114376	0.612936	0.000000	0.000000	0.000000
3.200000	0.610000	0.120328	0.612731	0.609950	0.114894	0.612946	0.000000	0.000000	0.000000
3.210000	0.610000	0.120801	0.612731	0.609942	0.115451	0.612968	0.000000	0.000000	0.000000
3.220000	0.610000	0.121268	0.612731	0.609944	0.115959	0.612967	0.000000	0.000000	0.000000
3.230000	0.610000	0.121730	0.612731	0.609936	0.116510	0.612980	0.000000	0.000000	0.000000
3.240000	0.610000	0.122186	0.612731	0.609939	0.117008	0.612970	0.000000	0.000000	0.000000
3.250000	0.610000	0.122636	0.612731	0.609931	0.117551	0.612977	0.000000	0.000000	0.000000
3.260000	0.610000	0.123081	0.612731	0.609935	0.118039	0.612959	0.000000	0.000000	0.000000
3.270000	0.610000	0.123520	0.612731	0.609927	0.118574	0.612960	0.000000	0.000000	0.000000
3.280000	0.610000	0.123953	0.612731	0.609932	0.119051	0.612937	0.000000	0.000000	0.000000
3.290000	0.610000	0.124381	0.612731	0.609924	0.119577	0.612935	0.000000	0.000000	0.000000
3.300000	0.610000	0.124803	0.612731	0.609929	0.120041	0.612907	0.000000	0.000000	0.000000
3.310000	0.610000	0.125219	0.612731	0.609922	0.120559	0.612902	0.000000	0.000000	0.000000
3.320000	0.610000	0.125630	0.612731	0.609928	0.121010	0.612872	0.000000	0.000000	0.000000
3.330000	0.610000	0.126036	0.612731	0.609921	0.121519	0.612866	0.000000	0.000000	0.000000
3.340000	0.610000	0.126436	0.612731	0.609928	0.121957	0.612833	0.000000	0.000000	0.000000
3.350000	0.610000	0.126830	0.612731	0.609920	0.122456	0.612828	0.000000	0.000000	0.000000
3.360000	0.610000	0.127219	0.612731	0.609929	0.122880	0.612794	0.000000	0.000000	0.000000
3.370000	0.610000	0.127603	0.612731	0.609921	0.123369	0.612789	0.000000	0.000000	0.000000
3.380000	0.610000	0.127981	0.612731	0.609931	0.123780	0.612756	0.000000	0.000000	0.000000
3.390000	0.610000	0.128355	0.612731	0.609923	0.124260	0.612753	0.000000	0.000000	0.000000
3.400000	0.610000	0.128722	0.612731	0.609934	0.124656	0.612719	0.000000	0.000000	0.000000
3.410000	0.610000	0.129085	0.612731	0.609925	0.125126	0.612719	0.000000	0.000000	0.000000
3.420000	0.610000	0.129442	0.612731	0.609937	0.125508	0.612686	0.000000	0.000000	0.000000
3.430000	0.610000	0.129795	0.612731	0.609928	0.125968	0.612688	0.000000	0.000000	0.000000
3.440000	0.610000	0.130142	0.612731	0.609941	0.126336	0.612657	0.000000	0.000000	0.000000
3.450000	0.610000	0.130484	0.612731	0.609932	0.126786	0.612662	0.000000	0.000000	0.000000
3.460000	0.610000	0.130821	0.612731	0.609946	0.127139	0.612631	0.000000	0.000000	0.000000
3.470000	0.610000	0.131153	0.612731	0.609936	0.127581	0.612639	0.000000	0.000000	0.000000
3.480000	0.610000	0.131480	0.612731	0.609951	0.127919	0.612610	0.000000	0.000000	0.000000
3.490000	0.610000	0.131802	0.612731	0.609940	0.128352	0.612621	0.000000	0.000000	0.000000
3.500000	0.610000	0.132120	0.612731	0.609956	0.128676	0.612593	0.000000	0.000000	0.000000
3.510000	0.610000	0.132432	0.612731	0.609945	0.129100	0.612608	0.000000	0.000000	0.000000
3.520000	0.610000	0.132740	0.612731	0.609962	0.129409	0.612580	0.000000	0.000000	0.000000
3.530000	0.610000	0.133043	0.612731	0.609950	0.129826	0.612598	0.000000	0.000000	0.000000
3.540000	0.610000	0.133342	0.612731	0.609967	0.130121	0.612571	0.000000	0.000000	0.000000
3.550000	0.610000	0.133635	0.612731	0.609954	0.130529	0.612592	0.000000	0.000000	0.000000
3.560000	0.610000	0.133925	0.612731	0.609973	0.130810	0.612566	0.000000	0.000000	0.000000
3.570000	0.610000	0.134210	0.612731	0.609959	0.131211	0.612590	0.000000	0.000000	0.000000
3.580000	0.610000	0.134490	0.612731	0.609978	0.131477	0.612564	0.000000	0.000000	0.000000
3.590000	0.610000	0.134766	0.612731	0.609963	0.131872	0.612590	0.000000	0.000000	0.000000
3.600000	0.610000	0.135037	0.612731	0.609984	0.132124	0.612564	0.000000	0.000000	0.000000
3.610000	0.610000	0.135305	0.612731	0.609967	0.132512	0.612593	0.000000	0.000000	0.000000
3.620000	0.610000	0.135568	0.612731	0.609989	0.132750	0.612566	0.000000	0.000000	0.000000
3.630000	0.610000	0.135826	0.612731	0.609972	0.133133	0.612598	0.000000	0.000000	0.000000
3.640000	0.610000	0.136081	0.612731	0.609994	0.133356	0.612570	0.000000	0.000000	0.000000
3.650000	0.610000	0.136332	0.612731	0.609975	0.133734	0.612604	0.000000	0.000000	0.000000
3.660000	0.610000	0.136578	0.612731	0.609999	0.133943	0.612575	0.000000	0.000000	0.000000
3.670000	0.610000	0.136820	0.612731	0.609979	0.134316	0.612611	0.000000	0.000000	0.000000
3.680000	0.610000	0.137059	0.612731	0.610004	0.134511	0.612581	0.000000	0.000000	0.000000
3.690000	0.610000	0.137293	0.612731	0.609982	0.134880	0.612619	0.000000	0.000000	0.000000
3.700000	0.610000	0.137524	0.612731	0.610009	0.135061	0.612588	0.000000	0.000000	0.000000
3.710000	0.610000	0.137751	0.612731	0.609985	0.135426	0.612628	0.000000	0.000000	0.000000
3.720000	0.610000	0.137974	0.612731	0.610013	0.135594	0.612595	0.000000	0.000000	0.000000
3.730000	0.610000	0.138193	0.612731	0.609988	0.135955	0.612637	0.000000	0.000000	0.000000
3.740000	0.610000	0.138409	0.612731	0.610018	0.136109	0.612602	0.000000	0.000000	0.000000
3.750000	0.610000	0.138621	0.612731	0.609990	0.136467	0.612646	0.000000	0.000000	0.000000
3.760000	0.610000	0.138830	0.612731	0.610022	0.136607	0.612609	0.000000	0.000000	0.000000
3.770000	0.610000	0.139035	0.612731	0.609993	0.136963	0.612654	0.000000	0.000000	0.000000
3.780000	0.610000	0.139236	0.612731	0.610025	0.137089	0.612616	0.000000	0.000000	0.000000
3.790000	0.610000	0.139434	0.612731	0.609995	0.137443	0.612663	0.000000	0.000000	0.000000
3.800000	0.610000	0.139629	0.612731	0.610029	0.137555	0.612622	0.000000	0.000000	0.000000
3.810000	0.610000	0.139821	0.612731	0.609996	0.137908	0.612670	0.000000	0.000000	0.000000
3.820000	0.610000	0.140009	0.612731	0.610032	0.138005	0.612627	0.000000	0.000000	0.000000
3.830000	0.610000	0.140194	0.612731	0.609998	0.138357	0.612678	0.000000	0.000000	0.000000
3.840000	0.610000	0.140375	0.612731	0.610036	0.138440	0.612632	0.000000	0.000000	0.000000
3.850000	0.610000	0.140554	0.612731	0.609999	0.138792	0.612685	0.000000	0.000000	0.000000
3.860000	0.610000	0.140729	0.612731	0.610039	0.138861	0.612637	0.000000	0.000000	0.000000
3.870000	0.610000	0.140902	0.612731	0.610000	0.139213	0.612691	0.000000	0.000000	0.000000
3.880000	0.610000	0.141071	0.612731	0.610042	0.139267	0.612641	0.000000	0.000000	0.000000
3.890000	0.610000	0.141238	0.612731	0.610001	0.139621	0.612697	0.000000	0.000000	0.000000
3.900000	0.610000	0.141401	0.612731	0.610045	0.139660	0.612644	0.000000	0.000000	0.000000
3.910000	0.610000	0.141562	0.612731	0.610001	0.140014	0.612703	0.000000	0.000000	0.000000
3.920000	0.610000	0.141720	0.612731	0.610048	0.140039	0.612647	0.000000	0.000000	0.000000
3.930000	0.610000	0.141875	0.612731	0.610001	0.140395	0.612708	0.000000	0.000000	0.000000
3.940000	0.610000	0.142027	0.612731	0.610051	0.140404	0.612649	0.000000	0.000000	0.000000
3.950000	0.610000	0.142177	0.612731	0.610002	0.140763	0.612713	0.000000	0.000000	0.000000
3.960000	0.610000	0.142324	0.612731	0.610053	0.140757	0.612651	0.000000	0.000000	0.000000
3.970000	0.610000	0.142468	0.612731	0.610002	0.141119	0.612718	0.000000	0.000000	0.000000
3.980000	0.610000	0.142610	0.612731	0.610056	0.141097	0.612653	0.000000	0.000000	0.000000
3.990000	0.610000	0.142749	0.612731	0.610001	0.141462	0.612722	0.000000	0.000000	0.000000
4.000000	0.610000	0.142886	0.612731	0.610059	0.141425	0.612655	0.000000	0.000000	0.000000
4.010000	0.610000	0.143020	0.612731	0.610001	0.141794	0.612727	0.000000	0.000000	0.000000
4.020000	0.610000	0.143152	0.612731	0.610061	0.141742	0.612656	0.000000	0.000000	0.000000
4.030000	0.610000	0.143282	0.612731	0.610001	0.142115	0.612731	0.000000	0.000000	0.000000
4.040000	0.610000	0.143409	0.612731	0.610064	0.142046	0.612658	0.000000	0.000000	0.000000
4.050000	0.610000	0.143534	0.612731	0.610000	0.142425	0.612735	0.000000	0.000000	0.000000
4.060000	0.610000	0.143657	0.612731	0.610066	0.142340	0.612659	0.000000	0.000000	0.000000
4.070000	0.610000	0.143777	0.612731	0.609999	0.142724	0.612740	0.000000	0.000000	0.000000
4.080000	0.610000	0.143895	0.612731	0.610069	0.142622	0.612660	0.000000	0.000000	0.000000
4.090000	0.610000	0.144011	0.612731	0.609998	0.143013	0.612744	0.000000	0.000000	0.000000
4.100000	0.610000	0.144125	0.612731	0.610071	0.142894	0.612661	0.000000	0.000000	0.000000
4.110000	0.610000	0.144237	0.612731	0.609997	0.143292	0.612749	0.000000	0.000000	0.000000
4.120000	0.610000	0.144347	0.612731	0.610074	0.143156	0.612662	0.000000	0.000000	0.000000
4.130000	0.610000	0.144455	0.612731	0.609995	0.143562	0.612753	0.000000	0.000000	0.000000
4.140000	0.610000	0.144560	0.612731	0.610076	0.143408	0.612664	0.000000	0.000000	0.000000
4.150000	0.610000	0.144664	0.612731	0.609994	0.143822	0.612758	0.000000	0.000000	0.000000
4.160000	0.610000	0.144766	0.612731	0.610078	0.143650	0.612665	0.000000	0.000000	0.000000
4.170000	0.610000	0.144866	0.612731	0.609992	0.144073	0.612763	0.000000	0.000000	0.000000
4.180000	0.610000	0.144965	0.612731	0.610081	0.143882	0.612667	0.000000	0.000000	0.000000
4.190000	0.610000	0.145061	0.612731	0.609990	0.144316	0.612768	0.000000	0.000000	0.000000
4.200000	0.610000	0.145156	0.612731	0.610083	0.144106	0.612668	0.000000	0.000000	0.000000
4.210000	0.610000	0.145249	0.612731	0.609988	0.144550	0.612774	0.000000	0.000000	0.000000
4.220000	0.610000	0.145340	0.612731	0.610085	0.144321	0.612670	0.000000	0.000000	0.000000
4.230000	0.610000	0.145429	0.612731	0.609986	0.144776	0.612780	0.000000	0.000000	0.000000
4.240000	0.610000	0.145517	0.612731	0.610088	0.144527	0.612672	0.000000	0.000000	0.000000
4.250000	0.610000	0.145603	0.612731	0.609984	0.144994	0.612786	0.000000	0.000000	0.000000
4.260000	0.610000	0.145688	0.612731	0.610090	0.144725	0.612674	0.000000	0.000000	0.000000
4.270000	0.610000	0.145771	0.612731	0.609981	0.145204	0.612792	0.000000	0.000000	0.000000
4.280000	0.610000	0.145852	0.612731	0.610092	0.144916	0.612677	0.000000	0.000000	0.000000
4.290000	0.610000	0.145932	0.612731	0.609979	0.145408	0.612799	0.000000	0.000000	0.000000
4.300000	0.610000	0.146010	0.612731	0.610095	0.145098	0.612679	0.000000	0.000000	0.000000
4.310000	0.610000	0.146087	0.612731	0.609976	0.145604	0.612806	0.000000	0.000000	0.000000
4.320000	0.610000	0.146163	0.612731	0.610097	0.145273	0.612682	0.000000	0.000000	0.000000
4.330000	0.610000	0.146237	0.612731	0.609973	0.145794	0.612813	0.000000	0.000000	0.000000
4.340000	0.610000	0.146310	0.612731	0.610100	0.145440	0.612685	0.000000	0.000000	0.000000
4.350000	0.610000	0.146381	0.612731	0.609969	0.145977	0.612821	0.000000	0.000000	0.000000
4.360000	0.610000	0.146451	0.612731	0.610102	0.145601	0.612688	0.000000	0.000000	0.000000
4.370000	0.610000	0.146520	0.612731	0.609966	0.146154	0.612829	0.000000	0.000000	0.000000
4.380000	0.610000	0.146587	0.612731	0.610105	0.145755	0.612692	0.000000	0.000000	0.000000
4.390000	0.610000	0.146653	0.612731	0.609963	0.146325	0.612838	0.000000	0.000000	0.000000
4.400000	0.610000	0.146718	0.612731	0.610107	0.145902	0.612696	0.000000	0.000000	0.000000
4.410000	0.610000	0.146781	0.612731	0.609959	0.146490	0.612847	0.000000	0.000000	0.000000
4.420000	0.610000	0.146844	0.612731	0.610110	0.146042	0.612700	0.000000	0.000000	0.000000
4.430000	0.610000	0.146905	0.612731	0.609955	0.146650	0.612856	0.000000	0.000000	0.000000
4.440000	0.610000	0.146965	0.612731	0.610112	0.146177	0.612704	0.000000	0.000000	0.000000
4.450000	0.610000	0.147024	0.612731	0.609951	0.146804	0.612866	0.000000	0.000000	0.000000
4.460000	0.610000	0.147082	0.612731	0.610115	0.146306	0.612709	0.000000	0.000000	0.000000
4.470000	0.610000	0.147138	0.612731	0.609947	0.146954	0.612876	0.000000	0.000000	0.000000
4.480000	0.610000	0.147194	0.612731	0.610118	0.146428	0.612714	0.000000	0.000000	0.000000
4.490000	0.610000	0.147249	0.612731	0.609942	0.147098	0.612887	0.000000	0.000000	0.000000
4.500000	0.610000	0.147302	0.612731	0.610121	0.146545	0.612720	0.000000	0.000000	0.000000
4.510000	0.610000	0.147355	0.612731	0.609938	0.147238	0.612899	0.000000	0.000000	0.000000
4.520000	0.610000	0.147406	0.612731	0.610124	0.146657	0.612726	0.000000	0.000000	0.000000
4.530000	0.610000	0.147457	0.612731	0.609933	0.147373	0.612911	0.000000	0.000000	0.000000
4.540000	0.610000	0.147506	0.612731	0.610127	0.146763	0.612733	0.000000	0.000000	0.000000
4.550000	0.610000	0.147555	0.612731	0.609928	0.147504	0.612923	0.000000	0.000000	0.000000
4.560000	0.610000	0.147602	0.612731	0.610130	0.146865	0.612740	0.000000	0.000000	0.000000
4.570000	0.610000	0.147649	0.612731	0.609923	0.147631	0.612937	0.000000	0.000000	0.000000
4.580000	0.610000	0.147695	0.612731	0.610133	0.146961	0.612748	0.000000	0.000000	0.000000
4.590000	0.610000	0.147740	0.612731	0.609918	0.147754	0.612951	0.000000	0.000000	0.000000
4.600000	0.610000	0.147784	0.612731	0.610136	0.147052	0.612757	0.000000	0.000000	0.000000
4.610000	0.610000	0.147827	0.612731	0.609912	0.147873	0.612966	0.000000	0.000000	0.000000
4.620000	0.610000	0.147870	0.612731	0.610140	0.147139	0.612766	0.000000	0.000000	0.000000
4.630000	0.610000	0.147911	0.612731	0.609906	0.147989	0.612982	0.000000	0.000000	0.000000
4.640000	0.610000	0.147952	0.612731	0.610143	0.147221	0.612777	0.000000	0.000000	0.000000
4.650000	0.610000	0.147992	0.612731	0.609901	0.148101	0.612999	0.000000	0.000000	0.000000
4.660000	0.610000	0.148031	0.612731	0.610147	0.147299	0.612788	0.000000	0.000000	0.000000
4.670000	0.610000	0.148070	0.612731	0.609894	0.148210	0.613017	0.000000	0.000000	0.000000
4.680000	0.610000	0.148107	0.612731	0.610150	0.147373	0.612800	0.000000	0.000000	0.000000
4.690000	0.610000	0.148144	0.612731	0.609888	0.148315	0.613037	0.000000	0.000000	0.000000
4.700000	0.610000	0.148181	0.612731	0.610154	0.147442	0.612813	0.000000	0.000000	0.000000
4.710000	0.610000	0.148216	0.612731	0.609881	0.148418	0.613057	0.000000	0.000000	0.000000
4.720000	0.610000	0.148251	0.612731	0.610158	0.147508	0.612827	0.000000	0.000000	0.000000
4.730000	0.610000	0.148285	0.612731	0.609875	0.148518	0.613079	0.000000	0.000000	0.000000
4.740000	0.610000	0.148319	0.612731	0.610162	0.147569	0.612842	0.000000	0.000000	0.000000
4.750000	0.610000	0.148352	0.612731	0.609868	0.148615	0.613102	0.000000	0.000000	0.000000
4.760000	0.610000	0.148384	0.612731	0.610166	0.147627	0.612859	0.000000	0.000000	0.000000
4.770000	0.610000	0.148416	0.612731	0.609860	0.148710	0.613126	0.000000	0.000000	0.000000
4.780000	0.610000	0.148447	0.612731	0.610171	0.147680	0.612877	0.000000	0.000000	0.000000
4.790000	0.610000	0.148477	0.612731	0.609853	0.148802	0.613152	0.000000	0.000000	0.000000
4.800000	0.610000	0.148507	0.612731	0.610175	0.147731	0.612896	0.000000	0.000000	0.000000
4.810000	0.610000	0.148537	0.612731	0.609845	0.148892	0.613180	0.000000	0.000000	0.000000
4.820000	0.610000	0.148565	0.612731	0.610179	0.147777	0.612918	0.000000	0.000000	0.000000
4.830000	0.610000	0.148593	0.612731	0.609837	0.148980	0.613209	0.000000	0.000000	0.000000
4.840000	0.610000	0.148621	0.612731	0.610184	0.147821	0.612941	0.000000	0.000000	0.000000
4.850000	0.610000	0.148648	0.612731	0.609829	0.149066	0.613241	0.000000	0.000000	0.000000
4.860000	0.610000	0.148675	0.612731	0.610189	0.147861	0.612965	0.000000	0.000000	0.000000
4.870000	0.610000	0.148701	0.612731	0.609820	0.149150	0.613274	0.000000	0.000000	0.000000
4.880000	0.610000	0.148726	0.612731	0.610194	0.147897	0.612992	0.000000	0.000000	0.000000
4.890000	0.610000	0.148751	0.612731	0.609811	0.149232	0.613310	0.000000	0.000000	0.000000
4.900000	0.610000	0.148776	0.612731	0.610199	0.147931	0.613021	0.000000	0.000000	0.000000
4.910000	0.610000	0.148800	0.612731	0.609802	0.149312	0.613348	0.000000	0.000000	0.000000
4.920000	0.610000	0.148823	0.612731	0.610204	0.147961	0.613053	0.000000	0.000000	0.000000
4.930000	0.610000	0.148846	0.612731	0.609792	0.149391	0.613388	0.000000	0.000000	0.000000
4.940000	0.610000	0.148869	0.612731	0.610209	0.147989	0.613086	0.000000	0.000000	0.000000
4.950000	0.610000	0.148891	0.612731	0.609782	0.149469	0.613431	0.000000	0.000000	0.000000
4.960000	0.610000	0.148913	0.612731	0.610214	0.148014	0.613123	0.000000	0.000000	0.000000
4.970000	0.610000	0.148934	0.612731	0.609772	0.149544	0.613477	0.000000	0.000000	0.000000
4.980000	0.610000	0.148955	0.612731	0.610220	0.148035	0.613162	0.000000	0.000000	0.000000
4.990000	0.610000	0.148976	0.612731	0.609761	0.149619	0.613526	0.000000	0.000000	0.000000
5.000000	0.610000	0.148996	0.612731	0.610225	0.148055	0.613204	0.000000	0.000000	0.000000
