Time [s]	Pos_0_x [m]	Pos_0_y [m]	Pos_0_z [m]	Pos_x [m]	Pos_y [m]	Pos_z [m]	Force_x [N]	Force_y [N]	Force_z [N]
0.000000	0.610000	0.001004	0.612731	0.610000	0.000000	0.612731	0.000000	0.000000	0.056220
0.010000	0.610000	0.001024	0.612731	0.610000	0.000098	0.612737	0.000000	0.000000	0.057729
0.020000	0.610000	0.001045	0.612731	0.610000	0.000167	0.612743	0.000000	0.000000	0.059278
0.030000	0.610000	0.001066	0.612731	0.610001	0.000239	0.612749	0.000000	0.000000	0.060868
0.040000	0.610000	0.001087	0.612731	0.610001	0.000306	0.612756	0.000000	0.000000	0.062501
0.050000	0.610000	0.001109	0.612731	0.610001	0.000370	0.612763	0.000000	0.000000	0.064177
0.060000	0.610000	0.001131	0.612731	0.610001	0.000432	0.612771	0.000000	0.000000	0.065898
0.070000	0.610000	0.001154	0.612731	0.610002	0.000490	0.612779	0.000000	0.000000	0.067665
0.080000	0.610000	0.001177	0.612731	0.610002	0.000547	0.612787	0.000000	0.000000	0.069478
0.090000	0.610000	0.001200	0.612731	0.610002	0.000601	0.612795	0.000000	0.000000	0.071340
0.100000	0.610000	0.001224	0.612731	0.610002	0.000653	0.612803	0.000000	0.000000	0.073251
0.110000	0.610000	0.001249	0.612731	0.610002	0.000703	0.612812	0.000000	0.000000	0.075213
0.120000	0.610000	0.001274	0.612731	0.610003	0.000751	0.612820	0.000000	0.000000	0.077227
0.130000	0.610000	0.001299	0.612731	0.610003	0.000798	0.612829	0.000000	0.000000	0.079295
0.140000	0.610000	0.001325	0.612731	0.610003	0.000843	0.612837	0.000000	0.000000	0.081417
0.150000	0.610000	0.001352	0.612731	0.610003	0.000887	0.612846	0.000000	0.000000	0.083595
0.160000	0.610000	0.001379	0.612731	0.610003	0.000929	0.612854	0.000000	0.000000	0.085831
0.170000	0.610000	0.001407	0.612731	0.610003	0.000971	0.612863	0.000000	0.000000	0.088127
0.180000	0.610000	0.001435	0.612731	0.610003	0.001011	0.612871	0.000000	0.000000	0.090483
0.190000	0.610000	0.001463	0.612731	0.610003	0.001051	0.612880	0.000000	0.000000	0.092901
0.200000	0.610000	0.001493	0.612731	0.610003	0.001089	0.612888	0.000000	0.000000	0.095383
0.210000	0.610000	0.001523	0.612731	0.610004	0.001127	0.612896	0.000000	0.000000	0.097931
0.220000	0.610000	0.001553	0.612731	0.610004	0.001165	0.612904	0.000000	0.000000	0.100546
0.230000	0.610000	0.001584	0.612731	0.610004	0.001202	0.612912	0.000000	0.000000	0.103230
0.240000	0.610000	0.001616	0.612731	0.610004	0.001238	0.612920	0.000000	0.000000	0.105984
0.250000	0.610000	0.001648	0.612731	0.610004	0.001274	0.612928	0.000000	0.000000	0.108811
0.260000	0.610000	0.001681	0.612731	0.610004	0.001310	0.612936	0.000000	0.000000	0.111713
0.270000	0.610000	0.001715	0.612731	0.610004	0.001345	0.612943	0.000000	0.000000	0.114691
0.280000	0.610000	0.001749	0.612731	0.610004	0.001381	0.612951	0.000000	0.000000	0.117747
0.290000	0.610000	0.001784	0.612731	0.610004	0.001416	0.612959	0.000000	0.000000	0.120883
0.300000	0.610000	0.001819	0.612731	0.610003	0.001451	0.612966	0.000000	0.000000	0.124102
0.310000	0.610000	0.001856	0.612731	0.610003	0.001487	0.612974	0.000000	0.000000	0.127405
0.320000	0.610000	0.001893	0.612731	0.610003	0.001522	0.612981	0.000000	0.000000	0.130794
0.330000	0.610000	0.001930	0.612731	0.610003	0.001558	0.612989	0.000000	0.000000	0.134273
0.340000	0.610000	0.001969	0.612731	0.610003	0.001593	0.612996	0.000000	0.000000	0.137842
0.350000	0.610000	0.002008	0.612731	0.610003	0.001630	0.613004	0.000000	0.000000	0.141504
0.360000	0.610000	0.002048	0.612731	0.610003	0.001666	0.613011	0.000000	0.000000	0.145263
0.370000	0.610000	0.002089	0.612731	0.610003	0.001702	0.613019	0.000000	0.000000	0.149119
0.380000	0.610000	0.002130	0.612731	0.610003	0.001739	0.613027	0.000000	0.000000	0.153075
0.390000	0.610000	0.002173	0.612731	0.610003	0.001777	0.613034	0.000000	0.000000	0.157135
0.400000	0.610000	0.002216	0.612731	0.610003	0.001814	0.613042	0.000000	0.000000	0.161300
0.410000	0.610000	0.002260	0.612731	0.610003	0.001853	0.613050	0.000000	0.000000	0.165573
0.420000	0.610000	0.002305	0.612731	0.610003	0.001891	0.613059	0.000000	0.000000	0.169957
0.430000	0.610000	0.002351	0.612731	0.610003	0.001931	0.613067	0.000000	0.000000	0.174455
0.440000	0.610000	0.002398	0.612731	0.610003	0.001970	0.613076	0.000000	0.000000	0.179069
0.450000	0.610000	0.002445	0.612731	0.610003	0.002011	0.613084	0.000000	0.000000	0.183803
0.460000	0.610000	0.002494	0.612731	0.610003	0.002052	0.613093	0.000000	0.000000	0.188658
0.470000	0.610000	0.002543	0.612731	0.610003	0.002094	0.613102	0.000000	0.000000	0.193639
0.480000	0.610000	0.002594	0.612731	0.610003	0.002136	0.613112	0.000000	0.000000	0.198749
0.490000	0.610000	0.002645	0.612731	0.610003	0.002179	0.613121	0.000000	0.000000	0.203990
0.500000	0.610000	0.002698	0.612731	0.610003	0.002223	0.613131	0.000000	0.000000	0.209365
0.510000	0.610000	0.002751	0.612731	0.610003	0.002268	0.613141	0.000000	0.000000	0.214879
0.520000	0.610000	0.002806	0.612731	0.610003	0.002313	0.613151	0.000000	0.000000	0.220533
0.530000	0.610000	0.002862	0.612731	0.610003	0.002359	0.613162	0.000000	0.000000	0.226333
0.540000	0.610000	0.002918	0.612731	0.610003	0.002406	0.613173	0.000000	0.000000	0.232280
0.550000	0.610000	0.002976	0.612731	0.610003	0.002454	0.613184	0.000000	0.000000	0.238380
0.560000	0.610000	0.003035	0.612731	0.610003	0.002503	0.613196	0.000000	0.000000	0.244634
0.570000	0.610000	0.003095	0.612731	0.610003	0.002552	0.613208	0.000000	0.000000	0.251048
0.580000	0.610000	0.003156	0.612731	0.610004	0.002603	0.613220	0.000000	0.000000	0.257625
0.590000	0.610000	0.003219	0.612731	0.610004	0.002654	0.613232	0.000000	0.000000	0.264368
0.600000	0.610000	0.003282	0.612731	0.610004	0.002707	0.613245	0.000000	0.000000	0.271282
0.610000	0.610000	0.003347	0.612731	0.610004	0.002760	0.613259	0.000000	0.000000	0.278370
0.620000	0.610000	0.003413	0.612731	0.610004	0.002815	0.613272	0.000000	0.000000	0.285638
0.630000	0.610000	0.003480	0.612731	0.610004	0.002871	0.613286	0.000000	0.000000	0.293088
0.640000	0.610000	0.003549	0.612731	0.610004	0.002927	0.613301	0.000000	0.000000	0.300725
0.650000	0.610000	0.003619	0.612731	0.610004	0.002985	0.613315	0.000000	0.000000	0.308554
0.660000	0.610000	0.003690	0.612731	0.610004	0.003044	0.613331	0.000000	0.000000	0.316578
0.670000	0.610000	0.003763	0.612731	0.610004	0.003104	0.613346	0.000000	0.000000	0.324803
0.680000	0.610000	0.003837	0.612731	0.610005	0.003165	0.613362	0.000000	0.000000	0.333233
0.690000	0.610000	0.003913	0.612731	0.610005	0.003227	0.613379	0.000000	0.000000	0.341872
0.700000	0.610000	0.003990	0.612731	0.610005	0.003290	0.613395	0.000000	0.000000	0.350726
0.710000	0.610000	0.004068	0.612731	0.610005	0.003355	0.613413	0.000000	0.000000	0.359798
0.720000	0.610000	0.004148	0.612731	0.610005	0.003421	0.613431	0.000000	0.000000	0.369094
0.730000	0.610000	0.004229	0.612731	0.610005	0.003488	0.613449	0.000000	0.000000	0.378620
0.740000	0.610000	0.004312	0.612731	0.610005	0.003557	0.613468	0.000000	0.000000	0.388379
0.750000	0.610000	0.004397	0.612731	0.610006	0.003627	0.613487	0.000000	0.000000	0.398377
0.760000	0.610000	0.004483	0.612731	0.610006	0.003698	0.613506	0.000000	0.000000	0.408620
0.770000	0.610000	0.004571	0.612731	0.610006	0.003770	0.613527	0.000000	0.000000	0.419112
0.780000	0.610000	0.004660	0.612731	0.610006	0.003844	0.613547	0.000000	0.000000	0.429859
0.790000	0.610000	0.004751	0.612731	0.610006	0.003920	0.613569	0.000000	0.000000	0.440866
0.800000	0.610000	0.004844	0.612731	0.610006	0.003996	0.613590	0.000000	0.000000	0.452140
0.810000	0.610000	0.004939	0.612731	0.610006	0.004075	0.613613	0.000000	0.000000	0.463685
0.820000	0.610000	0.005035	0.612731	0.610007	0.004154	0.613636	0.000000	0.000000	0.475506
0.830000	0.610000	0.005134	0.612731	0.610007	0.004236	0.613659	0.000000	0.000000	0.487611
0.840000	0.610000	0.005234	0.612731	0.610007	0.004319	0.613683	0.000000	0.000000	0.500005
0.850000	0.610000	0.005336	0.612731	0.610007	0.004403	0.613708	0.000000	0.000000	0.512693
0.860000	0.610000	0.005440	0.612731	0.610007	0.004489	0.613733	0.000000	0.000000	0.525681
0.870000	0.610000	0.005545	0.612731	0.610008	0.004577	0.613759	0.000000	0.000000	0.538977
0.880000	0.610000	0.005653	0.612731	0.610008	0.004666	0.613785	0.000000	0.000000	0.552584
0.890000	0.610000	0.005763	0.612731	0.610008	0.004757	0.613812	0.000000	0.000000	0.566511
0.900000	0.610000	0.005875	0.612731	0.610008	0.004850	0.613840	0.000000	0.000000	0.580763
0.910000	0.610000	0.005989	0.612731	0.610008	0.004945	0.613869	0.000000	0.000000	0.595346
0.920000	0.610000	0.006105	0.612731	0.610008	0.005041	0.613898	0.000000	0.000000	0.610266
0.930000	0.610000	0.006223	0.612731	0.610009	0.005139	0.613928	0.000000	0.000000	0.625531
0.940000	0.610000	0.006343	0.612731	0.610009	0.005239	0.613958	0.000000	0.000000	0.641146
0.950000	0.610000	0.006466	0.612731	0.610009	0.005341	0.613989	0.000000	0.000000	0.657117
0.960000	0.610000	0.006591	0.612731	0.610009	0.005445	0.614021	0.000000	0.000000	0.673452
0.970000	0.610000	0.006718	0.612731	0.610009	0.005551	0.614054	0.000000	0.000000	0.690157
0.980000	0.610000	0.006848	0.612731	0.610010	0.005658	0.614088	0.000000	0.000000	0.707239
0.990000	0.610000	0.006980	0.612731	0.610010	0.005768	0.614122	0.000000	0.000000	0.724703
1.000000	0.610000	0.007114	0.612731	0.610010	0.005880	0.614157	0.000000	0.000000	0.742557
1.010000	0.610000	0.007251	0.612731	0.610010	0.005994	0.614193	0.000000	0.000000	0.760808
1.020000	0.610000	0.007390	0.612731	0.610011	0.006110	0.614230	0.000000	0.000000	0.779461
1.030000	0.610000	0.007532	0.612731	0.610011	0.006228	0.614268	0.000000	0.000000	0.798524
1.040000	0.610000	0.007676	0.612731	0.610011	0.006348	0.614306	0.000000	0.000000	0.818002
1.050000	0.610000	0.007823	0.612731	0.610011	0.006471	0.614345	0.000000	0.000000	0.837904
1.060000	0.610000	0.007973	0.612731	0.610011	0.006595	0.614386	0.000000	0.000000	0.858235
1.070000	0.610000	0.008125	0.612731	0.610012	0.006723	0.614427	0.000000	0.000000	0.879002
1.080000	0.610000	0.008280	0.612731	0.610012	0.006852	0.614469	0.000000	0.000000	0.900212
1.090000	0.610000	0.008438	0.612731	0.610012	0.006984	0.614512	0.000000	0.000000	0.921870
1.100000	0.610000	0.008599	0.612731	0.610012	0.007118	0.614556	0.000000	0.000000	0.943985
1.110000	0.610000	0.008762	0.612731	0.610013	0.007255	0.614601	0.000000	0.000000	0.966561
1.120000	0.610000	0.008929	0.612731	0.610013	0.007394	0.614647	0.000000	0.000000	0.989605
1.130000	0.610000	0.009098	0.612731	0.610013	0.007535	0.614695	0.000000	0.000000	1.013124
1.140000	0.610000	0.009271	0.612731	0.610013	0.007680	0.614743	0.000000	0.000000	1.037123
1.150000	0.610000	0.009446	0.612731	0.610014	0.007827	0.614792	0.000000	0.000000	1.061610
1.160000	0.610000	0.009625	0.612731	0.610014	0.007976	0.614842	0.000000	0.000000	1.086589
1.170000	0.610000	0.009806	0.612731	0.610014	0.008128	0.614894	0.000000	0.000000	1.112067
1.180000	0.610000	0.009991	0.612731	0.610014	0.008283	0.614946	0.000000	0.000000	1.138049
1.190000	0.610000	0.010179	0.612731	0.610015	0.008441	0.615000	0.000000	0.000000	1.164541
1.200000	0.610000	0.010371	0.612731	0.610015	0.008601	0.615054	0.000000	0.000000	1.191549
1.210000	0.610000	0.010566	0.612731	0.610015	0.008765	0.615110	0.000000	0.000000	1.219078
1.220000	0.610000	0.010764	0.612731	0.610015	0.008931	0.615167	0.000000	0.000000	1.247132
1.230000	0.610000	0.010965	0.612731	0.610016	0.009100	0.615225	0.000000	0.000000	1.275718
1.240000	0.610000	0.011170	0.612731	0.610016	0.009272	0.615285	0.000000	0.000000	1.304839
1.250000	0.610000	0.011379	0.612731	0.610016	0.009448	0.615346	0.000000	0.000000	1.334500
1.260000	0.610000	0.011591	0.612731	0.610016	0.009626	0.615408	0.000000	0.000000	1.364707
1.270000	0.610000	0.011807	0.612731	0.610017	0.009808	0.615471	0.000000	0.000000	1.395461
1.280000	0.610000	0.012026	0.612731	0.610017	0.009992	0.615535	0.000000	0.000000	1.426768
1.290000	0.610000	0.012249	0.612731	0.610017	0.010180	0.615601	0.000000	0.000000	1.458632
1.300000	0.610000	0.012476	0.612731	0.610017	0.010371	0.615668	0.000000	0.000000	1.491055
1.310000	0.610000	0.012707	0.612731	0.610018	0.010566	0.615736	0.000000	0.000000	1.524040
1.320000	0.610000	0.012941	0.612731	0.610018	0.010763	0.615806	0.000000	0.000000	1.557590
1.330000	0.610000	0.013180	0.612731	0.610018	0.010965	0.615877	0.000000	0.000000	1.591708
1.340000	0.610000	0.013422	0.612731	0.610018	0.011169	0.615950	0.000000	0.000000	1.626396
1.350000	0.610000	0.013668	0.612731	0.610019	0.011378	0.616023	0.000000	0.000000	1.661655
1.360000	0.610000	0.013919	0.612731	0.610019	0.011589	0.616098	0.000000	0.000000	1.697487
1.370000	0.610000	0.014174	0.612731	0.610019	0.011805	0.616175	0.000000	0.000000	1.733893
1.380000	0.610000	0.014432	0.612731	0.610019	0.012023	0.616253	0.000000	0.000000	1.770874
1.390000	0.610000	0.014695	0.612731	0.610020	0.012246	0.616332	0.000000	0.000000	1.808429
1.400000	0.610000	0.014963	0.612731	0.610020	0.012472	0.616413	0.000000	0.000000	1.846559
1.410000	0.610000	0.015234	0.612731	0.610020	0.012703	0.616495	0.000000	0.000000	1.885262
1.420000	0.610000	0.015510	0.612731	0.610020	0.012937	0.616579	0.000000	0.000000	1.924539
1.430000	0.610000	0.015790	0.612731	0.610020	0.013175	0.616664	0.000000	0.000000	1.964387
1.440000	0.610000	0.016075	0.612731	0.610021	0.013416	0.616751	0.000000	0.000000	2.004805
1.450000	0.610000	0.016365	0.612731	0.610021	0.013662	0.616839	0.000000	0.000000	2.045790
1.460000	0.610000	0.016658	0.612731	0.610021	0.013912	0.616928	0.000000	0.000000	2.087340
1.470000	0.610000	0.016957	0.612731	0.610021	0.014166	0.617019	0.000000	0.000000	2.129451
1.480000	0.610000	0.017260	0.612731	0.610021	0.014424	0.617112	0.000000	0.000000	2.172118
1.490000	0.610000	0.017568	0.612731	0.610021	0.014686	0.617206	0.000000	0.000000	2.215339
1.500000	0.610000	0.017880	0.612731	0.610021	0.014953	0.617301	0.000000	0.000000	2.259108
1.510000	0.610000	0.018198	0.612731	0.610021	0.015224	0.617398	0.000000	0.000000	2.303419
1.520000	0.610000	0.018520	0.612731	0.610022	0.015499	0.617497	0.000000	0.000000	2.348268
1.530000	0.610000	0.018847	0.612731	0.610022	0.015778	0.617596	0.000000	0.000000	2.393646
1.540000	0.610000	0.019179	0.612731	0.610022	0.016062	0.617698	0.000000	0.000000	2.439548
1.550000	0.610000	0.019516	0.612731	0.610022	0.016350	0.617801	0.000000	0.000000	2.485966
1.560000	0.610000	0.019858	0.612731	0.610022	0.016643	0.617905	0.000000	0.000000	2.532892
1.570000	0.610000	0.020205	0.612731	0.610022	0.016941	0.618011	0.000000	0.000000	2.580317
1.580000	0.610000	0.020558	0.612731	0.610022	0.017243	0.618118	0.000000	0.000000	2.628233
1.590000	0.610000	0.020915	0.612731	0.610022	0.017549	0.618227	0.000000	0.000000	2.676629
1.600000	0.610000	0.021278	0.612731	0.610022	0.017861	0.618337	0.000000	0.000000	2.725495
1.610000	0.610000	0.021645	0.612731	0.610021	0.018177	0.618448	0.000000	0.000000	2.774821
1.620000	0.610000	0.022019	0.612731	0.610021	0.018498	0.618561	0.000000	0.000000	2.824595
1.630000	0.610000	0.022397	0.612731	0.610021	0.018824	0.618676	0.000000	0.000000	2.874806
1.640000	0.610000	0.022781	0.612731	0.610021	0.019154	0.618791	0.000000	0.000000	2.925441
1.650000	0.610000	0.023170	0.612731	0.610021	0.019490	0.618909	0.000000	0.000000	2.976487
1.660000	0.610000	0.023564	0.612731	0.610021	0.019830	0.619027	0.000000	0.000000	3.027931
1.670000	0.610000	0.023964	0.612731	0.610020	0.020176	0.619147	0.000000	0.000000	3.079760
1.680000	0.610000	0.024370	0.612731	0.610020	0.020526	0.619268	0.000000	0.000000	3.131959
1.690000	0.610000	0.024781	0.612731	0.610020	0.020882	0.619390	0.000000	0.000000	3.184513
1.700000	0.610000	0.025197	0.612731	0.610019	0.021243	0.619514	0.000000	0.000000	3.237406
1.710000	0.610000	0.025619	0.612731	0.610019	0.021609	0.619639	0.000000	0.000000	3.290624
1.720000	0.610000	0.026047	0.612731	0.610018	0.021980	0.619765	0.000000	0.000000	3.344150
1.730000	0.610000	0.026480	0.612731	0.610018	0.022357	0.619892	0.000000	0.000000	3.397968
1.740000	0.610000	0.026919	0.612731	0.610017	0.022738	0.620021	0.000000	0.000000	3.452060
1.750000	0.610000	0.027364	0.612731	0.610017	0.023125	0.620150	0.000000	0.000000	3.506410
1.760000	0.610000	0.027814	0.612731	0.610016	0.023518	0.620281	0.000000	0.000000	3.561000
1.770000	0.610000	0.028270	0.612731	0.610016	0.023916	0.620412	0.000000	0.000000	3.615812
1.780000	0.610000	0.028732	0.612731	0.610015	0.024319	0.620545	0.000000	0.000000	3.670827
1.790000	0.610000	0.029199	0.612731	0.610014	0.024727	0.620679	0.000000	0.000000	3.726028
1.800000	0.610000	0.029672	0.612731	0.610014	0.025141	0.620813	0.000000	0.000000	3.781394
1.810000	0.610000	0.030151	0.612731	0.610013	0.025561	0.620949	0.000000	0.000000	3.836909
1.820000	0.610000	0.030636	0.612731	0.610012	0.025986	0.621085	0.000000	0.000000	3.892551
1.830000	0.610000	0.031127	0.612731	0.610011	0.026417	0.621223	0.000000	0.000000	3.948302
1.840000	0.610000	0.031623	0.612731	0.610010	0.026853	0.621360	0.000000	0.000000	4.004142
1.850000	0.610000	0.032125	0.612731	0.610009	0.027294	0.621499	0.000000	0.000000	4.060052
1.860000	0.610000	0.032633	0.612731	0.610008	0.027742	0.621639	0.000000	0.000000	4.116011
1.870000	0.610000	0.033146	0.612731	0.610007	0.028195	0.621779	0.000000	0.000000	4.172000
1.880000	0.610000	0.033665	0.612731	0.610006	0.028653	0.621919	0.000000	0.000000	4.228000
1.890000	0.610000	0.034190	0.612731	0.610005	0.029118	0.622061	0.000000	0.000000	4.283989
1.900000	0.610000	0.034721	0.612731	0.610003	0.029587	0.622202	0.000000	0.000000	4.339948
1.910000	0.610000	0.035258	0.612731	0.610002	0.030063	0.622344	0.000000	0.000000	4.395858
1.920000	0.610000	0.035800	0.612731	0.610001	0.030544	0.622487	0.000000	0.000000	4.451698
1.930000	0.610000	0.036348	0.612731	0.609999	0.031031	0.622630	0.000000	0.000000	4.507449
1.940000	0.610000	0.036902	0.612731	0.609998	0.031524	0.622773	0.000000	0.000000	4.563091
1.950000	0.610000	0.037461	0.612731	0.609996	0.032022	0.622916	0.000000	0.000000	4.618606
1.960000	0.610000	0.038026	0.612731	0.609995	0.032526	0.623060	0.000000	0.000000	4.673972
1.970000	0.610000	0.038596	0.612731	0.609993	0.033036	0.623204	0.000000	0.000000	4.729173
1.980000	0.610000	0.039172	0.612731	0.609991	0.033551	0.623348	0.000000	0.000000	4.784188
1.990000	0.610000	0.039754	0.612731	0.609990	0.034073	0.623491	0.000000	0.000000	4.839000
2.000000	0.610000	0.040341	0.612731	0.609988	0.034599	0.623635	0.000000	0.000000	4.893590
2.010000	0.610000	0.040934	0.612731	0.609986	0.035132	0.623779	0.000000	0.000000	4.947940
2.020000	0.610000	0.041532	0.612731	0.609984	0.035670	0.623923	0.000000	0.000000	5.002032
2.030000	0.610000	0.042135	0.612731	0.609982	0.036214	0.624066	0.000000	0.000000	5.055850
2.040000	0.610000	0.042744	0.612731	0.609980	0.036763	0.624209	0.000000	0.000000	5.109376
2.050000	0.610000	0.043358	0.612731	0.609978	0.037318	0.624352	0.000000	0.000000	5.162594
2.060000	0.610000	0.043977	0.612731	0.609976	0.037878	0.624495	0.000000	0.000000	5.215487
2.070000	0.610000	0.044601	0.612731	0.609974	0.038444	0.624637	0.000000	0.000000	5.268041
2.080000	0.610000	0.045230	0.612731	0.609971	0.039015	0.624779	0.000000	0.000000	5.320240
2.090000	0.610000	0.045865	0.612731	0.609969	0.039592	0.624920	0.000000	0.000000	5.372069
2.100000	0.610000	0.046504	0.612731	0.609967	0.040175	0.625061	0.000000	0.000000	5.423513
2.110000	0.610000	0.047148	0.612731	0.609964	0.040762	0.625201	0.000000	0.000000	5.474559
2.120000	0.610000	0.047797	0.612731	0.609962	0.041355	0.625340	0.000000	0.000000	5.525194
2.130000	0.610000	0.048451	0.612731	0.609959	0.041954	0.625479	0.000000	0.000000	5.575405
2.140000	0.610000	0.049109	0.612731	0.609957	0.042557	0.625617	0.000000	0.000000	5.625179
2.150000	0.610000	0.049772	0.612731	0.609954	0.043167	0.625754	0.000000	0.000000	5.674505
2.160000	0.610000	0.050439	0.612731	0.609951	0.043780	0.625890	0.000000	0.000000	5.723371
2.170000	0.610000	0.051111	0.612731	0.609948	0.044400	0.626025	0.000000	0.000000	5.771767
2.180000	0.610000	0.051787	0.612731	0.609946	0.045024	0.626160	0.000000	0.000000	5.819683
2.190000	0.610000	0.052467	0.612731	0.609943	0.045653	0.626293	0.000000	0.000000	5.867108
2.200000	0.610000	0.053152	0.612731	0.609940	0.046287	0.626426	0.000000	0.000000	5.914034
2.210000	0.610000	0.053840	0.612731	0.609937	0.046926	0.626557	0.000000	0.000000	5.960452
2.220000	0.610000	0.054532	0.612731	0.609934	0.047570	0.626687	0.000000	0.000000	6.006354
2.230000	0.610000	0.055228	0.612731	0.609931	0.048219	0.626816	0.000000	0.000000	6.051732
2.240000	0.610000	0.055928	0.612731	0.609928	0.048871	0.626944	0.000000	0.000000	6.096581
2.250000	0.610000	0.056631	0.612731	0.609925	0.049529	0.627071	0.000000	0.000000	6.140892
2.260000	0.610000	0.057338	0.612731	0.609922	0.050191	0.627196	0.000000	0.000000	6.184661
2.270000	0.610000	0.058048	0.612731	0.609918	0.050858	0.627320	0.000000	0.000000	6.227882
2.280000	0.610000	0.058761	0.612731	0.609915	0.051529	0.627443	0.000000	0.000000	6.270549
2.290000	0.610000	0.059478	0.612731	0.609912	0.052204	0.627565	0.000000	0.000000	6.312660
2.300000	0.610000	0.060197	0.612731	0.609909	0.052883	0.627685	0.000000	0.000000	6.354210
2.310000	0.610000	0.060919	0.612731	0.609906	0.053566	0.627803	0.000000	0.000000	6.395195
2.320000	0.610000	0.061644	0.612731	0.609902	0.054253	0.627921	0.000000	0.000000	6.435613
2.330000	0.610000	0.062371	0.612731	0.609899	0.054944	0.628036	0.000000	0.000000	6.475461
2.340000	0.610000	0.063101	0.612731	0.609896	0.055639	0.628151	0.000000	0.000000	6.514738
2.350000	0.610000	0.063834	0.612731	0.609892	0.056338	0.628264	0.000000	0.000000	6.553441
2.360000	0.610000	0.064568	0.612731	0.609889	0.057039	0.628375	0.000000	0.000000	6.591571
2.370000	0.610000	0.065305	0.612731	0.609886	0.057745	0.628485	0.000000	0.000000	6.629126
2.380000	0.610000	0.066043	0.612731	0.609882	0.058453	0.628593	0.000000	0.000000	6.666107
2.390000	0.610000	0.066783	0.612731	0.609879	0.059165	0.628700	0.000000	0.000000	6.702513
2.400000	0.610000	0.067525	0.612731	0.609876	0.059879	0.628805	0.000000	0.000000	6.738345
2.410000	0.610000	0.068268	0.612731	0.609872	0.060597	0.628909	0.000000	0.000000	6.773604
2.420000	0.610000	0.069013	0.612731	0.609869	0.061317	0.629010	0.000000	0.000000	6.808292
2.430000	0.610000	0.069759	0.612731	0.609866	0.062041	0.629111	0.000000	0.000000	6.842410
2.440000	0.610000	0.070505	0.612731	0.609862	0.062766	0.629210	0.000000	0.000000	6.875960
2.450000	0.610000	0.071253	0.612731	0.609859	0.063495	0.629307	0.000000	0.000000	6.908945
2.460000	0.610000	0.072002	0.612731	0.609856	0.064225	0.629402	0.000000	0.000000	6.941368
2.470000	0.610000	0.072751	0.612731	0.609852	0.064958	0.629496	0.000000	0.000000	6.973232
2.480000	0.610000	0.073500	0.612731	0.609849	0.065692	0.629589	0.000000	0.000000	7.004539
2.490000	0.610000	0.074250	0.612731	0.609846	0.066429	0.629679	0.000000	0.000000	7.035293
2.500000	0.610000	0.075000	0.612731	0.609843	0.067167	0.629768	0.000000	0.000000	7.065500
2.510000	0.610000	0.075750	0.612731	0.609840	0.067907	0.629856	0.000000	0.000000	7.095161
2.520000	0.610000	0.076500	0.612731	0.609837	0.068648	0.629942	0.000000	0.000000	7.124282
2.530000	0.610000	0.077249	0.612731	0.609833	0.069391	0.630026	0.000000	0.000000	7.152868
2.540000	0.610000	0.077998	0.612731	0.609830	0.070134	0.630109	0.000000	0.000000	7.180922
2.550000	0.610000	0.078747	0.612731	0.609827	0.070880	0.630190	0.000000	0.000000	7.208451
2.560000	0.610000	0.079495	0.612731	0.609825	0.071625	0.630269	0.000000	0.000000	7.235459
2.570000	0.610000	0.080241	0.612731	0.609822	0.072372	0.630348	0.000000	0.000000	7.261951
2.580000	0.610000	0.080987	0.612731	0.609819	0.073119	0.630424	0.000000	0.000000	7.287933
2.590000	0.610000	0.081732	0.612731	0.609816	0.073867	0.630499	0.000000	0.000000	7.313411
2.600000	0.610000	0.082475	0.612731	0.609813	0.074614	0.630572	0.000000	0.000000	7.338390
2.610000	0.610000	0.083217	0.612731	0.609811	0.075363	0.630644	0.000000	0.000000	7.362877
2.620000	0.610000	0.083957	0.612731	0.609808	0.076110	0.630714	0.000000	0.000000	7.386876
2.630000	0.610000	0.084695	0.612731	0.609806	0.076859	0.630783	0.000000	0.000000	7.410395
2.640000	0.610000	0.085432	0.612731	0.609803	0.077606	0.630851	0.000000	0.000000	7.433439
2.650000	0.610000	0.086166	0.612731	0.609801	0.078354	0.630917	0.000000	0.000000	7.456015
2.660000	0.610000	0.086899	0.612731	0.609799	0.079100	0.630981	0.000000	0.000000	7.478130
2.670000	0.610000	0.087629	0.612731	0.609796	0.079847	0.631044	0.000000	0.000000	7.499788
2.680000	0.610000	0.088356	0.612731	0.609794	0.080591	0.631106	0.000000	0.000000	7.520998
2.690000	0.610000	0.089081	0.612731	0.609792	0.081336	0.631166	0.000000	0.000000	7.541765
2.700000	0.610000	0.089803	0.612731	0.609790	0.082079	0.631225	0.000000	0.000000	7.562096
2.710000	0.610000	0.090522	0.612731	0.609788	0.082821	0.631283	0.000000	0.000000	7.581998
2.720000	0.610000	0.091239	0.612731	0.609787	0.083561	0.631339	0.000000	0.000000	7.601476
2.730000	0.610000	0.091952	0.612731	0.609785	0.084300	0.631394	0.000000	0.000000	7.620539
2.740000	0.610000	0.092662	0.612731	0.609783	0.085036	0.631448	0.000000	0.000000	7.639192
2.750000	0.610000	0.093369	0.612731	0.609782	0.085772	0.631500	0.000000	0.000000	7.657443
2.760000	0.610000	0.094072	0.612731	0.609780	0.086505	0.631551	0.000000	0.000000	7.675297
2.770000	0.610000	0.094772	0.612731	0.609779	0.087236	0.631602	0.000000	0.000000	7.692761
2.780000	0.610000	0.095468	0.612731	0.609778	0.087964	0.631650	0.000000	0.000000	7.709843
2.790000	0.610000	0.096160	0.612731	0.609777	0.088691	0.631698	0.000000	0.000000	7.726548
2.800000	0.610000	0.096848	0.612731	0.609776	0.089414	0.631744	0.000000	0.000000	7.742883
2.810000	0.610000	0.097533	0.612731	0.609775	0.090136	0.631790	0.000000	0.000000	7.758854
2.820000	0.610000	0.098213	0.612731	0.609774	0.090854	0.631834	0.000000	0.000000	7.774469
2.830000	0.610000	0.098889	0.612731	0.609773	0.091570	0.631877	0.000000	0.000000	7.789734
2.840000	0.610000	0.099561	0.612731	0.609772	0.092282	0.631919	0.000000	0.000000	7.804654
2.850000	0.610000	0.100228	0.612731	0.609772	0.092992	0.631961	0.000000	0.000000	7.819237
2.860000	0.610000	0.100891	0.612731	0.609772	0.093697	0.632000	0.000000	0.000000	7.833489
2.870000	0.610000	0.101549	0.612731	0.609771	0.094400	0.632040	0.000000	0.000000	7.847416
2.880000	0.610000	0.102203	0.612731	0.609771	0.095098	0.632078	0.000000	0.000000	7.861023
2.890000	0.610000	0.102852	0.612731	0.609771	0.095794	0.632115	0.000000	0.000000	7.874319
2.900000	0.610000	0.103496	0.612731	0.609771	0.096485	0.632151	0.000000	0.000000	7.887307
2.910000	0.610000	0.104135	0.612731	0.609771	0.097174	0.632187	0.000000	0.000000	7.899995
2.920000	0.610000	0.104770	0.612731	0.609771	0.097857	0.632221	0.000000	0.000000	7.912389
2.930000	0.610000	0.105399	0.612731	0.609771	0.098538	0.632255	0.000000	0.000000	7.924494
2.940000	0.610000	0.106023	0.612731	0.609772	0.099212	0.632287	0.000000	0.000000	7.936315
2.950000	0.610000	0.106642	0.612731	0.609772	0.099885	0.632320	0.000000	0.000000	7.947860
2.960000	0.610000	0.107256	0.612731	0.609773	0.100551	0.632350	0.000000	0.000000	7.959134
2.970000	0.610000	0.107865	0.612731	0.609773	0.101214	0.632381	0.000000	0.000000	7.970141
2.980000	0.610000	0.108468	0.612731	0.609774	0.101871	0.632410	0.000000	0.000000	7.980888
2.990000	0.610000	0.109066	0.612731	0.609775	0.102526	0.632440	0.000000	0.000000	7.991380
3.000000	0.610000	0.109659	0.612731	0.609776	0.103174	0.632468	0.000000	0.000000	8.001623
3.010000	0.610000	0.110246	0.612731	0.609777	0.103819	0.632496	0.000000	0.000000	8.011621
3.020000	0.610000	0.110828	0.612731	0.609778	0.104457	0.632522	0.000000	0.000000	8.021380
3.030000	0.610000	0.111404	0.612731	0.609779	0.105092	0.632549	0.000000	0.000000	8.030906
3.040000	0.610000	0.111974	0.612731	0.609781	0.105720	0.632574	0.000000	0.000000	8.040202
3.050000	0.610000	0.112539	0.612731	0.609782	0.106346	0.632599	0.000000	0.000000	8.049274
3.060000	0.610000	0.113098	0.612731	0.609784	0.106964	0.632623	0.000000	0.000000	8.058128
3.070000	0.610000	0.113652	0.612731	0.609785	0.107579	0.632647	0.000000	0.000000	8.066767
3.080000	0.610000	0.114200	0.612731	0.609787	0.108187	0.632669	0.000000	0.000000	8.075197
3.090000	0.610000	0.114742	0.612731	0.609789	0.108791	0.632693	0.000000	0.000000	8.083422
3.100000	0.610000	0.115279	0.612731	0.609791	0.109388	0.632714	0.000000	0.000000	8.091446
3.110000	0.610000	0.115810	0.612731	0.609792	0.109982	0.632736	0.000000	0.000000	8.099275
3.120000	0.610000	0.116335	0.612731	0.609795	0.110568	0.632757	0.000000	0.000000	8.106912
3.130000	0.610000	0.116854	0.612731	0.609796	0.111151	0.632778	0.000000	0.000000	8.114362
3.140000	0.610000	0.117367	0.612731	0.609799	0.111726	0.632797	0.000000	0.000000	8.121630
3.150000	0.610000	0.117875	0.612731	0.609801	0.112299	0.632817	0.000000	0.000000	8.128718
3.160000	0.610000	0.118377	0.612731	0.609803	0.112862	0.632836	0.000000	0.000000	8.135632
3.170000	0.610000	0.118873	0.612731	0.609805	0.113423	0.632855	0.000000	0.000000	8.142375
3.180000	0.610000	0.119364	0.612731	0.609808	0.113976	0.632873	0.000000	0.000000	8.148952
3.190000	0.610000	0.119849	0.612731	0.609810	0.114525	0.632891	0.000000	0.000000	8.155366
3.200000	0.610000	0.120328	0.612731	0.609813	0.115066	0.632908	0.000000	0.000000	8.161620
3.210000	0.610000	0.120801	0.612731	0.609815	0.115605	0.632926	0.000000	0.000000	8.167720
3.220000	0.610000	0.121268	0.612731	0.609818	0.116134	0.632941	0.000000	0.000000	8.173667
3.230000	0.610000	0.121730	0.612731	0.609820	0.116661	0.632959	0.000000	0.000000	8.179467
3.240000	0.610000	0.122186	0.612731	0.609823	0.117179	0.632974	0.000000	0.000000	8.185121
3.250000	0.610000	0.122636	0.612731	0.609825	0.117695	0.632990	0.000000	0.000000	8.190635
3.260000	0.610000	0.123081	0.612731	0.609828	0.118201	0.633004	0.000000	0.000000	8.196010
3.270000	0.610000	0.123520	0.612731	0.609830	0.118705	0.633020	0.000000	0.000000	8.201251
3.280000	0.610000	0.123953	0.612731	0.609834	0.119200	0.633034	0.000000	0.000000	8.206361
3.290000	0.610000	0.124381	0.612731	0.609836	0.119692	0.633049	0.000000	0.000000	8.211342
3.300000	0.610000	0.124803	0.612731	0.609839	0.120175	0.633062	0.000000	0.000000	8.216197
3.310000	0.610000	0.125219	0.612731	0.609842	0.120657	0.633077	0.000000	0.000000	8.220931
3.320000	0.610000	0.125630	0.612731	0.609845	0.121128	0.633089	0.000000	0.000000	8.225545
3.330000	0.610000	0.126036	0.612731	0.609847	0.121598	0.633104	0.000000	0.000000	8.230043
3.340000	0.610000	0.126436	0.612731	0.609851	0.122057	0.633115	0.000000	0.000000	8.234427
3.350000	0.610000	0.126830	0.612731	0.609853	0.122516	0.633129	0.000000	0.000000	8.238700
3.360000	0.610000	0.127219	0.612731	0.609857	0.122964	0.633140	0.000000	0.000000	8.242865
3.370000	0.610000	0.127603	0.612731	0.609859	0.123411	0.633154	0.000000	0.000000	8.246925
3.380000	0.610000	0.127981	0.612731	0.609863	0.123847	0.633164	0.000000	0.000000	8.250881
3.390000	0.610000	0.128355	0.612731	0.609865	0.124283	0.633177	0.000000	0.000000	8.254737
3.400000	0.610000	0.128722	0.612731	0.609868	0.124708	0.633188	0.000000	0.000000	8.258496
3.410000	0.610000	0.129085	0.612731	0.609871	0.125133	0.633200	0.000000	0.000000	8.262158
3.420000	0.610000	0.129442	0.612731	0.609874	0.125547	0.633210	0.000000	0.000000	8.265727
3.430000	0.610000	0.129795	0.612731	0.609876	0.125961	0.633222	0.000000	0.000000	8.269206
3.440000	0.610000	0.130142	0.612731	0.609880	0.126363	0.633231	0.000000	0.000000	8.272595
3.450000	0.610000	0.130484	0.612731	0.609882	0.126766	0.633243	0.000000	0.000000	8.275898
3.460000	0.610000	0.130821	0.612731	0.609886	0.127158	0.633252	0.000000	0.000000	8.279117
3.470000	0.610000	0.131153	0.612731	0.609888	0.127550	0.633263	0.000000	0.000000	8.282253
3.480000	0.610000	0.131480	0.612731	0.609892	0.127930	0.633271	0.000000	0.000000	8.285309
3.490000	0.610000	0.131802	0.612731	0.609894	0.128312	0.633283	0.000000	0.000000	8.288287
3.500000	0.610000	0.132120	0.612731	0.609897	0.128681	0.633291	0.000000	0.000000	8.291189
3.510000	0.610000	0.132432	0.612731	0.609899	0.129052	0.633301	0.000000	0.000000	8.294016
3.520000	0.610000	0.132740	0.612731	0.609903	0.129411	0.633309	0.000000	0.000000	8.296770
3.530000	0.610000	0.133043	0.612731	0.609905	0.129772	0.633319	0.000000	0.000000	8.299454
3.540000	0.610000	0.133342	0.612731	0.609909	0.130120	0.633327	0.000000	0.000000	8.302069
3.550000	0.610000	0.133635	0.612731	0.609910	0.130471	0.633337	0.000000	0.000000	8.304617
3.560000	0.610000	0.133925	0.612731	0.609914	0.130809	0.633344	0.000000	0.000000	8.307099
3.570000	0.610000	0.134210	0.612731	0.609916	0.131149	0.633354	0.000000	0.000000	8.309517
3.580000	0.610000	0.134490	0.612731	0.609919	0.131477	0.633360	0.000000	0.000000	8.311873
3.590000	0.610000	0.134766	0.612731	0.609921	0.131807	0.633370	0.000000	0.000000	8.314169
3.600000	0.610000	0.135037	0.612731	0.609925	0.132125	0.633376	0.000000	0.000000	8.316405
3.610000	0.610000	0.135305	0.612731	0.609926	0.132446	0.633386	0.000000	0.000000	8.318583
3.620000	0.610000	0.135568	0.612731	0.609930	0.132754	0.633391	0.000000	0.000000	8.320705
3.630000	0.610000	0.135826	0.612731	0.609931	0.133066	0.633401	0.000000	0.000000	8.322773
3.640000	0.610000	0.136081	0.612731	0.609935	0.133364	0.633406	0.000000	0.000000	8.324787
3.650000	0.610000	0.136332	0.612731	0.609936	0.133666	0.633415	0.000000	0.000000	8.326749
3.660000	0.610000	0.136578	0.612731	0.609939	0.133955	0.633420	0.000000	0.000000	8.328660
3.670000	0.610000	0.136820	0.612731	0.609940	0.134248	0.633429	0.000000	0.000000	8.330522
3.680000	0.610000	0.137059	0.612731	0.609944	0.134527	0.633434	0.000000	0.000000	8.332335
3.690000	0.610000	0.137293	0.612731	0.609945	0.134812	0.633443	0.000000	0.000000	8.334102
3.700000	0.610000	0.137524	0.612731	0.609949	0.135082	0.633447	0.000000	0.000000	8.335823
3.710000	0.610000	0.137751	0.612731	0.609949	0.135358	0.633456	0.000000	0.000000	8.337499
3.720000	0.610000	0.137974	0.612731	0.609953	0.135619	0.633460	0.000000	0.000000	8.339132
3.730000	0.610000	0.138193	0.612731	0.609954	0.135887	0.633469	0.000000	0.000000	8.340722
3.740000	0.610000	0.138409	0.612731	0.609957	0.136139	0.633472	0.000000	0.000000	8.342271
3.750000	0.610000	0.138621	0.612731	0.609958	0.136399	0.633481	0.000000	0.000000	8.343780
3.760000	0.610000	0.138830	0.612731	0.609961	0.136643	0.633484	0.000000	0.000000	0.000000
3.770000	0.610000	0.139035	0.612731	0.609868	0.136253	0.633022	0.000000	0.000000	0.000000
3.780000	0.610000	0.139236	0.612731	0.609821	0.136155	0.632501	0.000000	0.000000	0.000000
3.790000	0.610000	0.139434	0.612731	0.609757	0.136100	0.631840	0.000000	0.000000	0.000000
3.800000	0.610000	0.139629	0.612731	0.609704	0.136136	0.631079	0.000000	0.000000	0.000000
3.810000	0.610000	0.139821	0.612731	0.609650	0.136236	0.630227	0.000000	0.000000	0.000000
3.820000	0.610000	0.140009	0.612731	0.609602	0.136395	0.629304	0.000000	0.000000	0.000000
3.830000	0.610000	0.140194	0.612731	0.609558	0.136602	0.628322	0.000000	0.000000	0.000000
3.840000	0.610000	0.140375	0.612731	0.609519	0.136848	0.627297	0.000000	0.000000	0.000000
3.850000	0.610000	0.140554	0.612731	0.609485	0.137128	0.626243	0.000000	0.000000	0.000000
3.860000	0.610000	0.140729	0.612731	0.609457	0.137432	0.625171	0.000000	0.000000	0.000000
3.870000	0.610000	0.140902	0.612731	0.609433	0.137757	0.624093	0.000000	0.000000	0.000000
3.880000	0.610000	0.141071	0.612731	0.609416	0.138095	0.623019	0.000000	0.000000	0.000000
3.890000	0.610000	0.141238	0.612731	0.609403	0.138442	0.621960	0.000000	0.000000	0.000000
3.900000	0.610000	0.141401	0.612731	0.609397	0.138795	0.620924	0.000000	0.000000	0.000000
3.910000	0.610000	0.141562	0.612731	0.609395	0.139148	0.619918	0.000000	0.000000	0.000000
3.920000	0.610000	0.141720	0.612731	0.609398	0.139500	0.618948	0.000000	0.000000	0.000000
3.930000	0.610000	0.141875	0.612731	0.609406	0.139846	0.618020	0.000000	0.000000	0.000000
3.940000	0.610000	0.142027	0.612731	0.609418	0.140186	0.617138	0.000000	0.000000	0.000000
3.950000	0.610000	0.142177	0.612731	0.609435	0.140516	0.616306	0.000000	0.000000	0.000000
3.960000	0.610000	0.142324	0.612731	0.609455	0.140836	0.615527	0.000000	0.000000	0.000000
3.970000	0.610000	0.142468	0.612731	0.609478	0.141144	0.614802	0.000000	0.000000	0.000000
3.980000	0.610000	0.142610	0.612731	0.609504	0.141439	0.614133	0.000000	0.000000	0.000000
3.990000	0.610000	0.142749	0.612731	0.609533	0.141720	0.613521	0.000000	0.000000	0.000000
4.000000	0.610000	0.142886	0.612731	0.609564	0.141987	0.612965	0.000000	0.000000	0.000000
4.010000	0.610000	0.143020	0.612731	0.609596	0.142240	0.612465	0.000000	0.000000	0.000000
4.020000	0.610000	0.143152	0.612731	0.609630	0.142479	0.612019	0.000000	0.000000	0.000000
4.030000	0.610000	0.143282	0.612731	0.609664	0.142703	0.611627	0.000000	0.000000	0.000000
4.040000	0.610000	0.143409	0.612731	0.609699	0.142913	0.611287	0.000000	0.000000	0.000000
4.050000	0.610000	0.143534	0.612731	0.609735	0.143110	0.610996	0.000000	0.000000	0.000000
4.060000	0.610000	0.143657	0.612731	0.609770	0.143293	0.610752	0.000000	0.000000	0.000000
4.070000	0.610000	0.143777	0.612731	0.609804	0.143463	0.610553	0.000000	0.000000	0.000000
4.080000	0.610000	0.143895	0.612731	0.609838	0.143622	0.610395	0.000000	0.000000	0.000000
4.090000	0.610000	0.144011	0.612731	0.609871	0.143769	0.610277	0.000000	0.000000	0.000000
4.100000	0.610000	0.144125	0.612731	0.609903	0.143906	0.610195	0.000000	0.000000	0.000000
4.110000	0.610000	0.144237	0.612731	0.609933	0.144032	0.610145	0.000000	0.000000	0.000000
4.120000	0.610000	0.144347	0.612731	0.609962	0.144149	0.610126	0.000000	0.000000	0.000000
4.130000	0.610000	0.144455	0.612731	0.609989	0.144258	0.610134	0.000000	0.000000	0.000000
4.140000	0.610000	0.144560	0.612731	0.610015	0.144360	0.610166	0.000000	0.000000	0.000000
4.150000	0.610000	0.144664	0.612731	0.610039	0.144454	0.610219	0.000000	0.000000	0.000000
4.160000	0.610000	0.144766	0.612731	0.610061	0.144543	0.610292	0.000000	0.000000	0.000000
4.170000	0.610000	0.144866	0.612731	0.610081	0.144626	0.610380	0.000000	0.000000	0.000000
4.180000	0.610000	0.144965	0.612731	0.610100	0.144704	0.610481	0.000000	0.000000	0.000000
4.190000	0.610000	0.145061	0.612731	0.610117	0.144778	0.610594	0.000000	0.000000	0.000000
4.200000	0.610000	0.145156	0.612731	0.610131	0.144849	0.610715	0.000000	0.000000	0.000000
4.210000	0.610000	0.145249	0.612731	0.610145	0.144916	0.610843	0.000000	0.000000	0.000000
4.220000	0.610000	0.145340	0.612731	0.610156	0.144982	0.610976	0.000000	0.000000	0.000000
4.230000	0.610000	0.145429	0.612731	0.610166	0.145045	0.611112	0.000000	0.000000	0.000000
4.240000	0.610000	0.145517	0.612731	0.610174	0.145107	0.611249	0.000000	0.000000	0.000000
4.250000	0.610000	0.145603	0.612731	0.610181	0.145168	0.611386	0.000000	0.000000	0.000000
4.260000	0.610000	0.145688	0.612731	0.610186	0.145228	0.611521	0.000000	0.000000	0.000000
4.270000	0.610000	0.145771	0.612731	0.610190	0.145288	0.611654	0.000000	0.000000	0.000000
4.280000	0.610000	0.145852	0.612731	0.610193	0.145348	0.611783	0.000000	0.000000	0.000000
4.290000	0.610000	0.145932	0.612731	0.610195	0.145407	0.611908	0.000000	0.000000	0.000000
4.300000	0.610000	0.146010	0.612731	0.610195	0.145467	0.612027	0.000000	0.000000	0.000000
4.310000	0.610000	0.146087	0.612731	0.610195	0.145527	0.612140	0.000000	0.000000	0.000000
4.320000	0.610000	0.146163	0.612731	0.610194	0.145588	0.612247	0.000000	0.000000	0.000000
4.330000	0.610000	0.146237	0.612731	0.610192	0.145650	0.612347	0.000000	0.000000	0.000000
4.340000	0.610000	0.146310	0.612731	0.610189	0.145712	0.612440	0.000000	0.000000	0.000000
4.350000	0.610000	0.146381	0.612731	0.610186	0.145775	0.612526	0.000000	0.000000	0.000000
4.360000	0.610000	0.146451	0.612731	0.610182	0.145838	0.612604	0.000000	0.000000	0.000000
4.370000	0.610000	0.146520	0.612731	0.610178	0.145902	0.612675	0.000000	0.000000	0.000000
4.380000	0.610000	0.146587	0.612731	0.610173	0.145968	0.612739	0.000000	0.000000	0.000000
4.390000	0.610000	0.146653	0.612731	0.610168	0.146033	0.612795	0.000000	0.000000	0.000000
4.400000	0.610000	0.146718	0.612731	0.610163	0.146099	0.612845	0.000000	0.000000	0.000000
4.410000	0.610000	0.146781	0.612731	0.610157	0.146166	0.612888	0.000000	0.000000	0.000000
4.420000	0.610000	0.146844	0.612731	0.610152	0.146233	0.612925	0.000000	0.000000	0.000000
4.430000	0.610000	0.146905	0.612731	0.610146	0.146300	0.612955	0.000000	0.000000	0.000000
4.440000	0.610000	0.146965	0.612731	0.610141	0.146367	0.612980	0.000000	0.000000	0.000000
4.450000	0.610000	0.147024	0.612731	0.610135	0.146435	0.613000	0.000000	0.000000	0.000000
4.460000	0.610000	0.147082	0.612731	0.610130	0.146503	0.613014	0.000000	0.000000	0.000000
4.470000	0.610000	0.147138	0.612731	0.610124	0.146570	0.613024	0.000000	0.000000	0.000000
4.480000	0.610000	0.147194	0.612731	0.610119	0.146638	0.613029	0.000000	0.000000	0.000000
4.490000	0.610000	0.147249	0.612731	0.610114	0.146705	0.613031	0.000000	0.000000	0.000000
4.500000	0.610000	0.147302	0.612731	0.610109	0.146771	0.613029	0.000000	0.000000	0.000000
4.510000	0.610000	0.147355	0.612731	0.610104	0.146838	0.613025	0.000000	0.000000	0.000000
4.520000	0.610000	0.147406	0.612731	0.610099	0.146903	0.613017	0.000000	0.000000	0.000000
4.530000	0.610000	0.147457	0.612731	0.610095	0.146968	0.613007	0.000000	0.000000	0.000000
4.540000	0.610000	0.147506	0.612731	0.610091	0.147033	0.612996	0.000000	0.000000	0.000000
4.550000	0.610000	0.147555	0.612731	0.610087	0.147096	0.612982	0.000000	0.000000	0.000000
4.560000	0.610000	0.147602	0.612731	0.610083	0.147159	0.612968	0.000000	0.000000	0.000000
4.570000	0.610000	0.147649	0.612731	0.610079	0.147220	0.612952	0.000000	0.000000	0.000000
4.580000	0.610000	0.147695	0.612731	0.610076	0.147281	0.612935	0.000000	0.000000	0.000000
4.590000	0.610000	0.147740	0.612731	0.610073	0.147341	0.612918	0.000000	0.000000	0.000000
4.600000	0.610000	0.147784	0.612731	0.610070	0.147400	0.612901	0.000000	0.000000	0.000000
4.610000	0.610000	0.147827	0.612731	0.610068	0.147457	0.612884	0.000000	0.000000	0.000000
4.620000	0.610000	0.147870	0.612731	0.610065	0.147514	0.612866	0.000000	0.000000	0.000000
4.630000	0.610000	0.147911	0.612731	0.610063	0.147569	0.612849	0.000000	0.000000	0.000000
4.640000	0.610000	0.147952	0.612731	0.610061	0.147623	0.612833	0.000000	0.000000	0.000000
4.650000	0.610000	0.147992	0.612731	0.610059	0.147676	0.612817	0.000000	0.000000	0.000000
4.660000	0.610000	0.148031	0.612731	0.610057	0.147728	0.612801	0.000000	0.000000	0.000000
4.670000	0.610000	0.148070	0.612731	0.610056	0.147779	0.612787	0.000000	0.000000	0.000000
4.680000	0.610000	0.148107	0.612731	0.610054	0.147828	0.612773	0.000000	0.000000	0.000000
4.690000	0.610000	0.148144	0.612731	0.610053	0.147876	0.612760	0.000000	0.000000	0.000000
4.700000	0.610000	0.148181	0.612731	0.610052	0.147924	0.612748	0.000000	0.000000	0.000000
4.710000	0.610000	0.148216	0.612731	0.610051	0.147970	0.612737	0.000000	0.000000	0.000000
4.720000	0.610000	0.148251	0.612731	0.610050	0.148015	0.612727	0.000000	0.000000	0.000000
4.730000	0.610000	0.148285	0.612731	0.610049	0.148058	0.612718	0.000000	0.000000	0.000000
4.740000	0.610000	0.148319	0.612731	0.610048	0.148101	0.612710	0.000000	0.000000	0.000000
4.750000	0.610000	0.148352	0.612731	0.610048	0.148142	0.612703	0.000000	0.000000	0.000000
4.760000	0.610000	0.148384	0.612731	0.610047	0.148183	0.612696	0.000000	0.000000	0.000000
4.770000	0.610000	0.148416	0.612731	0.610047	0.148222	0.612691	0.000000	0.000000	0.000000
4.780000	0.610000	0.148447	0.612731	0.610046	0.148261	0.612687	0.000000	0.000000	0.000000
4.790000	0.610000	0.148477	0.612731	0.610045	0.148298	0.612683	0.000000	0.000000	0.000000
4.800000	0.610000	0.148507	0.612731	0.610045	0.148335	0.612680	0.000000	0.000000	0.000000
4.810000	0.610000	0.148537	0.612731	0.610045	0.148371	0.612678	0.000000	0.000000	0.000000
4.820000	0.610000	0.148565	0.612731	0.610044	0.148406	0.612676	0.000000	0.000000	0.000000
4.830000	0.610000	0.148593	0.612731	0.610044	0.148439	0.612675	0.000000	0.000000	0.000000
4.840000	0.610000	0.148621	0.612731	0.610043	0.148473	0.612675	0.000000	0.000000	0.000000
4.850000	0.610000	0.148648	0.612731	0.610043	0.148505	0.612675	0.000000	0.000000	0.000000
4.860000	0.610000	0.148675	0.612731	0.610042	0.148537	0.612676	0.000000	0.000000	0.000000
4.870000	0.610000	0.148701	0.612731	0.610042	0.148567	0.612677	0.000000	0.000000	0.000000
4.880000	0.610000	0.148726	0.612731	0.610042	0.148598	0.612679	0.000000	0.000000	0.000000
4.890000	0.610000	0.148751	0.612731	0.610041	0.148627	0.612680	0.000000	0.000000	0.000000
4.900000	0.610000	0.148776	0.612731	0.610041	0.148656	0.612682	0.000000	0.000000	0.000000
4.910000	0.610000	0.148800	0.612731	0.610040	0.148684	0.612684	0.000000	0.000000	0.000000
4.920000	0.610000	0.148823	0.612731	0.610040	0.148711	0.612687	0.000000	0.000000	0.000000
4.930000	0.610000	0.148846	0.612731	0.610039	0.148738	0.612689	0.000000	0.000000	0.000000
4.940000	0.610000	0.148869	0.612731	0.610039	0.148765	0.612692	0.000000	0.000000	0.000000
4.950000	0.610000	0.148891	0.612731	0.610039	0.148790	0.612695	0.000000	0.000000	0.000000
4.960000	0.610000	0.148913	0.612731	0.610038	0.148815	0.612698	0.000000	0.000000	0.000000
4.970000	0.610000	0.148934	0.612731	0.610037	0.148840	0.612700	0.000000	0.000000	0.000000
4.980000	0.610000	0.148955	0.612731	0.610037	0.148864	0.612703	0.000000	0.000000	0.000000
4.990000	0.610000	0.148976	0.612731	0.610036	0.148888	0.612706	0.000000	0.000000	0.000000
5.000000	0.610000	0.148996	0.612731	0.610036	0.148911	0.612708	0.000000	0.000000	0.000000
