Time [s]	Pos_0_x [m]	Pos_0_y [m]	Pos_0_z [m]	Pos_x [m]	Pos_y [m]	Pos_z [m]	Force_x [N]	Force_y [N]	Force_z [N]
0.000000	0.610000	0.000000	0.612731	0.610000	0.000000	0.612731	0.000000	0.000000	0.000000
0.010000	0.610000	0.000001	0.612731	0.610000	0.000000	0.612731	0.000000	0.000000	0.000147
0.020000	0.610000	0.000006	0.612731	0.610000	0.000000	0.612731	0.000000	0.000000	0.000590
0.030000	0.610000	0.000013	0.612731	0.610000	0.000001	0.612731	0.000000	0.000000	0.001326
0.040000	0.610000	0.000024	0.612731	0.610000	0.000002	0.612731	0.000000	0.000000	0.002358
0.050000	0.610000	0.000037	0.612731	0.610000	0.000004	0.612731	0.000000	0.000000	0.003684
0.060000	0.610000	0.000053	0.612731	0.610000	0.000007	0.612731	0.000000	0.000000	0.005305
0.070000	0.610000	0.000073	0.612731	0.610000	0.000011	0.612732	0.000000	0.000000	0.007220
0.080000	0.610000	0.000095	0.612731	0.610000	0.000016	0.612732	0.000000	0.000000	0.009429
0.090000	0.610000	0.000120	0.612731	0.610000	0.000023	0.612733	0.000000	0.000000	0.011933
0.100000	0.610000	0.000148	0.612731	0.610000	0.000031	0.612734	0.000000	0.000000	0.014730
0.110000	0.610000	0.000179	0.612731	0.610000	0.000041	0.612736	0.000000	0.000000	0.017821
0.120000	0.610000	0.000213	0.612731	0.610000	0.000052	0.612738	0.000000	0.000000	0.021206
0.130000	0.610000	0.000250	0.612731	0.610000	0.000066	0.612740	0.000000	0.000000	0.024884
0.140000	0.610000	0.000290	0.612731	0.610000	0.000082	0.612742	0.000000	0.000000	0.028855
0.150000	0.610000	0.000333	0.612731	0.610000	0.000099	0.612745	0.000000	0.000000	0.033118
0.160000	0.610000	0.000379	0.612731	0.610001	0.000119	0.612748	0.000000	0.000000	0.037674
0.170000	0.610000	0.000427	0.612731	0.610001	0.000141	0.612752	0.000000	0.000000	0.042523
0.180000	0.610000	0.000479	0.612731	0.610001	0.000166	0.612757	0.000000	0.000000	0.047663
0.190000	0.610000	0.000534	0.612731	0.610001	0.000192	0.612762	0.000000	0.000000	0.053094
0.200000	0.610000	0.000591	0.612731	0.610001	0.000222	0.612768	0.000000	0.000000	0.058817
0.210000	0.610000	0.000652	0.612731	0.610001	0.000253	0.612774	0.000000	0.000000	0.064830
0.220000	0.610000	0.000715	0.612731	0.610002	0.000287	0.612781	0.000000	0.000000	0.071133
0.230000	0.610000	0.000782	0.612731	0.610002	0.000324	0.612788	0.000000	0.000000	0.077726
0.240000	0.610000	0.000851	0.612731	0.610002	0.000364	0.612797	0.000000	0.000000	0.084609
0.250000	0.610000	0.000923	0.612731	0.610002	0.000406	0.612806	0.000000	0.000000	0.091780
0.260000	0.610000	0.000999	0.612731	0.610002	0.000450	0.612815	0.000000	0.000000	0.099240
0.270000	0.610000	0.001077	0.612731	0.610003	0.000498	0.612826	0.000000	0.000000	0.106987
0.280000	0.610000	0.001158	0.612731	0.610003	0.000548	0.612837	0.000000	0.000000	0.115022
0.290000	0.610000	0.001242	0.612731	0.610003	0.000601	0.612849	0.000000	0.000000	0.123343
0.300000	0.610000	0.001328	0.612731	0.610004	0.000656	0.612862	0.000000	0.000000	0.131951
0.310000	0.610000	0.001418	0.612731	0.610004	0.000715	0.612875	0.000000	0.000000	0.140844
0.320000	0.610000	0.001511	0.612731	0.610004	0.000776	0.612890	0.000000	0.000000	0.150022
0.330000	0.610000	0.001606	0.612731	0.610005	0.000840	0.612905	0.000000	0.000000	0.159484
0.340000	0.610000	0.001705	0.612731	0.610005	0.000907	0.612921	0.000000	0.000000	0.169229
0.350000	0.610000	0.001806	0.612731	0.610005	0.000977	0.612938	0.000000	0.000000	0.179258
0.360000	0.610000	0.001910	0.612731	0.610006	0.001050	0.612955	0.000000	0.000000	0.189569
0.370000	0.610000	0.002018	0.612731	0.610006	0.001125	0.612973	0.000000	0.000000	0.200161
0.380000	0.610000	0.002128	0.612731	0.610006	0.001204	0.612993	0.000000	0.000000	0.211034
0.390000	0.610000	0.002241	0.612731	0.610007	0.001285	0.613013	0.000000	0.000000	0.222187
0.400000	0.610000	0.002356	0.612731	0.610007	0.001369	0.613033	0.000000	0.000000	0.233619
0.410000	0.610000	0.002475	0.612731	0.610007	0.001456	0.613055	0.000000	0.000000	0.245330
0.420000	0.610000	0.002596	0.612731	0.610008	0.001546	0.613077	0.000000	0.000000	0.257318
0.430000	0.610000	0.002721	0.612731	0.610008	0.001639	0.613101	0.000000	0.000000	0.269583
0.440000	0.610000	0.002848	0.612731	0.610008	0.001735	0.613125	0.000000	0.000000	0.282123
0.450000	0.610000	0.002978	0.612731	0.610009	0.001834	0.613149	0.000000	0.000000	0.294939
0.460000	0.610000	0.003111	0.612731	0.610009	0.001936	0.613175	0.000000	0.000000	0.308028
0.470000	0.610000	0.003247	0.612731	0.610009	0.002040	0.613201	0.000000	0.000000	0.321391
0.480000	0.610000	0.003385	0.612731	0.610010	0.002148	0.613228	0.000000	0.000000	0.335026
0.490000	0.610000	0.003527	0.612731	0.610010	0.002258	0.613256	0.000000	0.000000	0.348933
0.500000	0.610000	0.003671	0.612731	0.610010	0.002371	0.613285	0.000000	0.000000	0.363109
0.510000	0.610000	0.003818	0.612731	0.610010	0.002487	0.613314	0.000000	0.000000	0.377555
0.520000	0.610000	0.003968	0.612731	0.610011	0.002607	0.613344	0.000000	0.000000	0.392269
0.530000	0.610000	0.004120	0.612731	0.610011	0.002729	0.613375	0.000000	0.000000	0.407250
0.540000	0.610000	0.004276	0.612731	0.610011	0.002853	0.613406	0.000000	0.000000	0.422498
0.550000	0.610000	0.004434	0.612731	0.610012	0.002981	0.613438	0.000000	0.000000	0.438011
0.560000	0.610000	0.004595	0.612731	0.610012	0.003112	0.613471	0.000000	0.000000	0.453787
0.570000	0.610000	0.004759	0.612731	0.610012	0.003245	0.613505	0.000000	0.000000	0.469827
0.580000	0.610000	0.004925	0.612731	0.610012	0.003382	0.613539	0.000000	0.000000	0.486128
0.590000	0.610000	0.005095	0.612731	0.610012	0.003521	0.613574	0.000000	0.000000	0.502690
0.600000	0.610000	0.005267	0.612731	0.610013	0.003663	0.613610	0.000000	0.000000	0.519512
0.610000	0.610000	0.005442	0.612731	0.610013	0.003808	0.613647	0.000000	0.000000	0.536592
0.620000	0.610000	0.005619	0.612731	0.610013	0.003956	0.613684	0.000000	0.000000	0.553929
0.630000	0.610000	0.005800	0.612731	0.610013	0.004106	0.613722	0.000000	0.000000	0.571522
0.640000	0.610000	0.005983	0.612731	0.610013	0.004260	0.613760	0.000000	0.000000	0.589369
0.650000	0.610000	0.006168	0.612731	0.610014	0.004416	0.613799	0.000000	0.000000	0.607470
0.660000	0.610000	0.006357	0.612731	0.610014	0.004575	0.613839	0.000000	0.000000	0.625823
0.670000	0.610000	0.006548	0.612731	0.610014	0.004737	0.613879	0.000000	0.000000	0.644427
0.680000	0.610000	0.006742	0.612731	0.610014	0.004902	0.613920	0.000000	0.000000	0.663281
0.690000	0.610000	0.006939	0.612731	0.610014	0.005069	0.613962	0.000000	0.000000	0.682382
0.700000	0.610000	0.007138	0.612731	0.610014	0.005239	0.614005	0.000000	0.000000	0.701731
0.710000	0.610000	0.007340	0.612731	0.610014	0.005413	0.614048	0.000000	0.000000	0.721325
0.720000	0.610000	0.007545	0.612731	0.610014	0.005588	0.614091	0.000000	0.000000	0.741163
0.730000	0.610000	0.007752	0.612731	0.610014	0.005767	0.614136	0.000000	0.000000	0.761244
0.740000	0.610000	0.007962	0.612731	0.610014	0.005948	0.614181	0.000000	0.000000	0.781566
0.750000	0.610000	0.008175	0.612731	0.610014	0.006132	0.614226	0.000000	0.000000	0.802129
0.760000	0.610000	0.008390	0.612731	0.610014	0.006319	0.614273	0.000000	0.000000	0.822929
0.770000	0.610000	0.008608	0.612731	0.610014	0.006509	0.614319	0.000000	0.000000	0.843967
0.780000	0.610000	0.008828	0.612731	0.610014	0.006701	0.614367	0.000000	0.000000	0.865240
0.790000	0.610000	0.009051	0.612731	0.610014	0.006896	0.614415	0.000000	0.000000	0.886748
0.800000	0.610000	0.009277	0.612731	0.610014	0.007094	0.614464	0.000000	0.000000	0.908487
0.810000	0.610000	0.009505	0.612731	0.610014	0.007295	0.614513	0.000000	0.000000	0.930458
0.820000	0.610000	0.009736	0.612731	0.610014	0.007498	0.614563	0.000000	0.000000	0.952659
0.830000	0.610000	0.009970	0.612731	0.610014	0.007704	0.614613	0.000000	0.000000	0.975087
0.840000	0.610000	0.010206	0.612731	0.610014	0.007912	0.614665	0.000000	0.000000	0.997741
0.850000	0.610000	0.010444	0.612731	0.610014	0.008123	0.614716	0.000000	0.000000	1.020621
0.860000	0.610000	0.010686	0.612731	0.610014	0.008337	0.614769	0.000000	0.000000	1.043723
0.870000	0.610000	0.010929	0.612731	0.610014	0.008554	0.614822	0.000000	0.000000	1.067047
0.880000	0.610000	0.011175	0.612731	0.610014	0.008773	0.614875	0.000000	0.000000	1.090591
0.890000	0.610000	0.011424	0.612731	0.610014	0.008994	0.614929	0.000000	0.000000	1.114353
0.900000	0.610000	0.011675	0.612731	0.610014	0.009219	0.614984	0.000000	0.000000	1.138332
0.910000	0.610000	0.011929	0.612731	0.610013	0.009446	0.615039	0.000000	0.000000	1.162525
0.920000	0.610000	0.012185	0.612731	0.610013	0.009675	0.615095	0.000000	0.000000	1.186932
0.930000	0.610000	0.012444	0.612731	0.610013	0.009908	0.615152	0.000000	0.000000	1.211550
0.940000	0.610000	0.012705	0.612731	0.610013	0.010142	0.615209	0.000000	0.000000	1.236378
0.950000	0.610000	0.012969	0.612731	0.610013	0.010380	0.615266	0.000000	0.000000	1.261414
0.960000	0.610000	0.013235	0.612731	0.610013	0.010620	0.615324	0.000000	0.000000	1.286656
0.970000	0.610000	0.013504	0.612731	0.610012	0.010862	0.615383	0.000000	0.000000	1.312103
0.980000	0.610000	0.013775	0.612731	0.610012	0.011107	0.615442	0.000000	0.000000	1.337752
0.990000	0.610000	0.014048	0.612731	0.610012	0.011355	0.615502	0.000000	0.000000	1.363602
1.000000	0.610000	0.014324	0.612731	0.610012	0.011605	0.615562	0.000000	0.000000	1.389651
1.010000	0.610000	0.014602	0.612731	0.610012	0.011857	0.615623	0.000000	0.000000	1.415898
1.020000	0.610000	0.014882	0.612731	0.610011	0.012112	0.615685	0.000000	0.000000	1.442340
1.030000	0.610000	0.015165	0.612731	0.610011	0.012370	0.615747	0.000000	0.000000	1.468975
1.040000	0.610000	0.015451	0.612731	0.610011	0.012630	0.615809	0.000000	0.000000	1.495802
1.050000	0.610000	0.015738	0.612731	0.610010	0.012892	0.615872	0.000000	0.000000	1.522819
1.060000	0.610000	0.016028	0.612731	0.610010	0.013157	0.615936	0.000000	0.000000	1.550024
1.070000	0.610000	0.016321	0.612731	0.610010	0.013425	0.616000	0.000000	0.000000	1.577415
1.080000	0.610000	0.016615	0.612731	0.610010	0.013695	0.616064	0.000000	0.000000	1.604990
1.090000	0.610000	0.016912	0.612731	0.610009	0.013967	0.616129	0.000000	0.000000	1.632747
1.100000	0.610000	0.017212	0.612731	0.610009	0.014242	0.616195	0.000000	0.000000	1.660684
1.110000	0.610000	0.017513	0.612731	0.610009	0.014519	0.616261	0.000000	0.000000	1.688799
1.120000	0.610000	0.017817	0.612731	0.610008	0.014798	0.616327	0.000000	0.000000	1.717091
1.130000	0.610000	0.018123	0.612731	0.610008	0.015080	0.616394	0.000000	0.000000	1.745557
1.140000	0.610000	0.018431	0.612731	0.610008	0.015364	0.616462	0.000000	0.000000	1.774195
1.150000	0.610000	0.018742	0.612731	0.610007	0.015651	0.616530	0.000000	0.000000	1.803003
1.160000	0.610000	0.019054	0.612731	0.610007	0.015940	0.616598	0.000000	0.000000	1.831980
1.170000	0.610000	0.019369	0.612731	0.610006	0.016231	0.616667	0.000000	0.000000	1.861122
1.180000	0.610000	0.019687	0.612731	0.610006	0.016525	0.616737	0.000000	0.000000	1.890429
1.190000	0.610000	0.020006	0.612731	0.610006	0.016821	0.616807	0.000000	0.000000	1.919898
1.200000	0.610000	0.020327	0.612731	0.610005	0.017119	0.616877	0.000000	0.000000	1.949527
1.210000	0.610000	0.020651	0.612731	0.610005	0.017420	0.616948	0.000000	0.000000	1.979314
1.220000	0.610000	0.020977	0.612731	0.610004	0.017722	0.617019	0.000000	0.000000	2.009257
1.230000	0.610000	0.021305	0.612731	0.610004	0.018027	0.617091	0.000000	0.000000	2.039354
1.240000	0.610000	0.021635	0.612731	0.610004	0.018335	0.617163	0.000000	0.000000	2.069602
1.250000	0.610000	0.021967	0.612731	0.610003	0.018644	0.617235	0.000000	0.000000	2.100000
1.260000	0.610000	0.022301	0.612731	0.610003	0.018956	0.617308	0.000000	0.000000	2.130545
1.270000	0.610000	0.022638	0.612731	0.610002	0.019270	0.617381	0.000000	0.000000	2.161236
1.280000	0.610000	0.022976	0.612731	0.610002	0.019586	0.617455	0.000000	0.000000	2.192069
1.290000	0.610000	0.023316	0.612731	0.610001	0.019905	0.617529	0.000000	0.000000	2.223043
1.300000	0.610000	0.023659	0.612731	0.610001	0.020226	0.617604	0.000000	0.000000	2.254157
1.310000	0.610000	0.024003	0.612731	0.610000	0.020548	0.617679	0.000000	0.000000	2.285406
1.320000	0.610000	0.024350	0.612731	0.610000	0.020873	0.617754	0.000000	0.000000	2.316790
1.330000	0.610000	0.024699	0.612731	0.609999	0.021200	0.617830	0.000000	0.000000	2.348307
1.340000	0.610000	0.025049	0.612731	0.609999	0.021530	0.617906	0.000000	0.000000	2.379953
1.350000	0.610000	0.025402	0.612731	0.609998	0.021861	0.617983	0.000000	0.000000	2.411727
1.360000	0.610000	0.025756	0.612731	0.609998	0.022194	0.618059	0.000000	0.000000	2.443626
1.370000	0.610000	0.026112	0.612731	0.609997	0.022530	0.618137	0.000000	0.000000	2.475649
1.380000	0.610000	0.026471	0.612731	0.609997	0.022867	0.618214	0.000000	0.000000	2.507793
1.390000	0.610000	0.026831	0.612731	0.609996	0.023207	0.618292	0.000000	0.000000	2.540056
1.400000	0.610000	0.027193	0.612731	0.609995	0.023549	0.618370	0.000000	0.000000	2.572435
1.410000	0.610000	0.027557	0.612731	0.609995	0.023892	0.618449	0.000000	0.000000	2.604928
1.420000	0.610000	0.027923	0.612731	0.609994	0.024238	0.618528	0.000000	0.000000	2.637533
1.430000	0.610000	0.028291	0.612731	0.609994	0.024586	0.618607	0.000000	0.000000	2.670248
1.440000	0.610000	0.028661	0.612731	0.609993	0.024936	0.618687	0.000000	0.000000	2.703070
1.450000	0.610000	0.029032	0.612731	0.609993	0.025288	0.618767	0.000000	0.000000	2.735997
1.460000	0.610000	0.029405	0.612731	0.609992	0.025641	0.618847	0.000000	0.000000	2.769027
1.470000	0.610000	0.029780	0.612731	0.609991	0.025997	0.618927	0.000000	0.000000	2.802158
1.480000	0.610000	0.030157	0.612731	0.609991	0.026354	0.619008	0.000000	0.000000	2.835386
1.490000	0.610000	0.030536	0.612731	0.609990	0.026714	0.619089	0.000000	0.000000	2.868711
1.500000	0.610000	0.030916	0.612731	0.609989	0.027075	0.619171	0.000000	0.000000	2.902129
1.510000	0.610000	0.031298	0.612731	0.609989	0.027439	0.619252	0.000000	0.000000	2.935637
1.520000	0.610000	0.031682	0.612731	0.609988	0.027804	0.619334	0.000000	0.000000	2.969235
1.530000	0.610000	0.032068	0.612731	0.609988	0.028171	0.619417	0.000000	0.000000	3.002919
1.540000	0.610000	0.032455	0.612731	0.609987	0.028540	0.619499	0.000000	0.000000	3.036687
1.550000	0.610000	0.032844	0.612731	0.609986	0.028911	0.619582	0.000000	0.000000	3.070537
1.560000	0.610000	0.033234	0.612731	0.609986	0.029283	0.619665	0.000000	0.000000	3.104466
1.570000	0.610000	0.033627	0.612731	0.609985	0.029658	0.619748	0.000000	0.000000	3.138471
1.580000	0.610000	0.034020	0.612731	0.609984	0.030034	0.619832	0.000000	0.000000	3.172552
1.590000	0.610000	0.034416	0.612731	0.609984	0.030412	0.619916	0.000000	0.000000	3.206704
1.600000	0.610000	0.034813	0.612731	0.609983	0.030792	0.620000	0.000000	0.000000	3.240926
1.610000	0.610000	0.035212	0.612731	0.609982	0.031173	0.620084	0.000000	0.000000	3.275216
1.620000	0.610000	0.035612	0.612731	0.609982	0.031556	0.620168	0.000000	0.000000	3.309570
1.630000	0.610000	0.036014	0.612731	0.609981	0.031941	0.620253	0.000000	0.000000	3.343987
1.640000	0.610000	0.036417	0.612731	0.609980	0.032328	0.620338	0.000000	0.000000	3.378464
1.650000	0.610000	0.036822	0.612731	0.609980	0.032716	0.620423	0.000000	0.000000	3.412998
1.660000	0.610000	0.037228	0.612731	0.609979	0.033106	0.620508	0.000000	0.000000	3.447588
1.670000	0.610000	0.037636	0.612731	0.609978	0.033498	0.620593	0.000000	0.000000	3.482231
1.680000	0.610000	0.038045	0.612731	0.609977	0.033891	0.620679	0.000000	0.000000	3.516924
1.690000	0.610000	0.038456	0.612731	0.609977	0.034286	0.620765	0.000000	0.000000	3.551665
1.700000	0.610000	0.038868	0.612731	0.609976	0.034683	0.620851	0.000000	0.000000	3.586451
1.710000	0.610000	0.039282	0.612731	0.609975	0.035081	0.620937	0.000000	0.000000	3.621281
1.720000	0.610000	0.039697	0.612731	0.609975	0.035481	0.621023	0.000000	0.000000	3.656151
1.730000	0.610000	0.040114	0.612731	0.609974	0.035882	0.621110	0.000000	0.000000	3.691059
1.740000	0.610000	0.040532	0.612731	0.609973	0.036285	0.621196	0.000000	0.000000	3.726003
1.750000	0.610000	0.040951	0.612731	0.609972	0.036689	0.621283	0.000000	0.000000	3.760980
1.760000	0.610000	0.041371	0.612731	0.609972	0.037095	0.621370	0.000000	0.000000	3.795989
1.770000	0.610000	0.041793	0.612731	0.609971	0.037502	0.621457	0.000000	0.000000	3.831025
1.780000	0.610000	0.042216	0.612731	0.609970	0.037911	0.621544	0.000000	0.000000	3.866087
1.790000	0.610000	0.042641	0.612731	0.609969	0.038322	0.621631	0.000000	0.000000	3.901173
1.800000	0.610000	0.043067	0.612731	0.609969	0.038733	0.621719	0.000000	0.000000	3.936280
1.810000	0.610000	0.043494	0.612731	0.609968	0.039147	0.621806	0.000000	0.000000	3.971405
1.820000	0.610000	0.043922	0.612731	0.609967	0.039561	0.621894	0.000000	0.000000	4.006546
1.830000	0.610000	0.044351	0.612731	0.609967	0.039977	0.621981	0.000000	0.000000	4.041701
1.840000	0.610000	0.044782	0.612731	0.609966	0.040395	0.622069	0.000000	0.000000	4.076867
1.850000	0.610000	0.045214	0.612731	0.609965	0.040813	0.622157	0.000000	0.000000	4.112042
1.860000	0.610000	0.045647	0.612731	0.609964	0.041234	0.622245	0.000000	0.000000	4.147223
1.870000	0.610000	0.046081	0.612731	0.609964	0.041655	0.622332	0.000000	0.000000	4.182407
1.880000	0.610000	0.046517	0.612731	0.609963	0.042078	0.622420	0.000000	0.000000	4.217593
1.890000	0.610000	0.046953	0.612731	0.609962	0.042502	0.622508	0.000000	0.000000	4.252777
1.900000	0.610000	0.047391	0.612731	0.609961	0.042927	0.622597	0.000000	0.000000	4.287958
1.910000	0.610000	0.047829	0.612731	0.609961	0.043354	0.622685	0.000000	0.000000	4.323133
1.920000	0.610000	0.048269	0.612731	0.609960	0.043782	0.622773	0.000000	0.000000	4.358299
1.930000	0.610000	0.048710	0.612731	0.609959	0.044211	0.622861	0.000000	0.000000	4.393454
1.940000	0.610000	0.049152	0.612731	0.609958	0.044641	0.622949	0.000000	0.000000	4.428595
1.950000	0.610000	0.049595	0.612731	0.609958	0.045073	0.623038	0.000000	0.000000	4.463720
1.960000	0.610000	0.050039	0.612731	0.609957	0.045506	0.623126	0.000000	0.000000	4.498827
1.970000	0.610000	0.050483	0.612731	0.609956	0.045940	0.623214	0.000000	0.000000	4.533913
1.980000	0.610000	0.050929	0.612731	0.609955	0.046375	0.623302	0.000000	0.000000	4.568975
1.990000	0.610000	0.051376	0.612731	0.609955	0.046811	0.623391	0.000000	0.000000	4.604011
2.000000	0.610000	0.051824	0.612731	0.609954	0.047248	0.623479	0.000000	0.000000	4.639020
2.010000	0.610000	0.052272	0.612731	0.609953	0.047687	0.623567	0.000000	0.000000	4.673997
2.020000	0.610000	0.052722	0.612731	0.609952	0.048126	0.623655	0.000000	0.000000	4.708941
2.030000	0.610000	0.053172	0.612731	0.609952	0.048567	0.623743	0.000000	0.000000	4.743849
2.040000	0.610000	0.053624	0.612731	0.609951	0.049008	0.623831	0.000000	0.000000	4.778719
2.050000	0.610000	0.054076	0.612731	0.609950	0.049451	0.623920	0.000000	0.000000	4.813549
2.060000	0.610000	0.054529	0.612731	0.609949	0.049895	0.624008	0.000000	0.000000	4.848335
2.070000	0.610000	0.054982	0.612731	0.609949	0.050339	0.624096	0.000000	0.000000	4.883076
2.080000	0.610000	0.055437	0.612731	0.609948	0.050785	0.624183	0.000000	0.000000	4.917769
2.090000	0.610000	0.055892	0.612731	0.609947	0.051231	0.624271	0.000000	0.000000	4.952412
2.100000	0.610000	0.056348	0.612731	0.609946	0.051679	0.624359	0.000000	0.000000	4.987002
2.110000	0.610000	0.056805	0.612731	0.609946	0.052127	0.624447	0.000000	0.000000	5.021536
2.120000	0.610000	0.057263	0.612731	0.609945	0.052577	0.624534	0.000000	0.000000	5.056013
2.130000	0.610000	0.057721	0.612731	0.609944	0.053027	0.624622	0.000000	0.000000	5.090430
2.140000	0.610000	0.058180	0.612731	0.609943	0.053478	0.624709	0.000000	0.000000	5.124784
2.150000	0.610000	0.058639	0.612731	0.609943	0.053930	0.624796	0.000000	0.000000	5.159074
2.160000	0.610000	0.059099	0.612731	0.609942	0.054383	0.624884	0.000000	0.000000	5.193296
2.170000	0.610000	0.059560	0.612731	0.609941	0.054836	0.624971	0.000000	0.000000	5.227448
2.180000	0.610000	0.060022	0.612731	0.609940	0.055291	0.625057	0.000000	0.000000	5.261529
2.190000	0.610000	0.060484	0.612731	0.609940	0.055746	0.625144	0.000000	0.000000	5.295534
2.200000	0.610000	0.060946	0.612731	0.609939	0.056202	0.625231	0.000000	0.000000	5.329463
2.210000	0.610000	0.061410	0.612731	0.609938	0.056659	0.625317	0.000000	0.000000	5.363313
2.220000	0.610000	0.061873	0.612731	0.609938	0.057116	0.625404	0.000000	0.000000	5.397081
2.230000	0.610000	0.062337	0.612731	0.609937	0.057574	0.625490	0.000000	0.000000	5.430765
2.240000	0.610000	0.062802	0.612731	0.609936	0.058033	0.625576	0.000000	0.000000	5.464363
2.250000	0.610000	0.063267	0.612731	0.609935	0.058493	0.625662	0.000000	0.000000	5.497871
2.260000	0.610000	0.063733	0.612731	0.609935	0.058953	0.625748	0.000000	0.000000	5.531289
2.270000	0.610000	0.064199	0.612731	0.609934	0.059414	0.625833	0.000000	0.000000	5.564614
2.280000	0.610000	0.064666	0.612731	0.609933	0.059875	0.625918	0.000000	0.000000	5.597842
2.290000	0.610000	0.065133	0.612731	0.609933	0.060337	0.626004	0.000000	0.000000	5.630973
2.300000	0.610000	0.065600	0.612731	0.609932	0.060800	0.626089	0.000000	0.000000	5.664003
2.310000	0.610000	0.066068	0.612731	0.609931	0.061263	0.626173	0.000000	0.000000	5.696930
2.320000	0.610000	0.066536	0.612731	0.609931	0.061726	0.626258	0.000000	0.000000	5.729752
2.330000	0.610000	0.067004	0.612731	0.609930	0.062191	0.626342	0.000000	0.000000	5.762467
2.340000	0.610000	0.067473	0.612731	0.609929	0.062655	0.626426	0.000000	0.000000	5.795072
2.350000	0.610000	0.067942	0.612731	0.609929	0.063121	0.626510	0.000000	0.000000	5.827565
2.360000	0.610000	0.068411	0.612731	0.609928	0.063586	0.626594	0.000000	0.000000	5.859944
2.370000	0.610000	0.068881	0.612731	0.609927	0.064053	0.626677	0.000000	0.000000	5.892207
2.380000	0.610000	0.069350	0.612731	0.609927	0.064519	0.626760	0.000000	0.000000	5.924351
2.390000	0.610000	0.069820	0.612731	0.609926	0.064986	0.626843	0.000000	0.000000	5.956374
2.400000	0.610000	0.070291	0.612731	0.609925	0.065454	0.626926	0.000000	0.000000	5.988273
2.410000	0.610000	0.070761	0.612731	0.609925	0.065921	0.627008	0.000000	0.000000	6.020047
2.420000	0.610000	0.071232	0.612731	0.609924	0.066390	0.627090	0.000000	0.000000	6.051693
2.430000	0.610000	0.071702	0.612731	0.609924	0.066858	0.627172	0.000000	0.000000	6.083210
2.440000	0.610000	0.072173	0.612731	0.609923	0.067327	0.627254	0.000000	0.000000	6.114594
2.450000	0.610000	0.072644	0.612731	0.609922	0.067796	0.627335	0.000000	0.000000	6.145843
2.460000	0.610000	0.073115	0.612731	0.609922	0.068265	0.627416	0.000000	0.000000	6.176957
2.470000	0.610000	0.073586	0.612731	0.609921	0.068735	0.627497	0.000000	0.000000	6.207931
2.480000	0.610000	0.074058	0.612731	0.609921	0.069205	0.627577	0.000000	0.000000	6.238764
2.490000	0.610000	0.074529	0.612731	0.609920	0.069675	0.627657	0.000000	0.000000	6.269455
2.500000	0.610000	0.075000	0.612731	0.609919	0.070146	0.627737	0.000000	0.000000	6.300000
2.510000	0.610000	0.075471	0.612731	0.609919	0.070616	0.627816	0.000000	0.000000	6.330398
2.520000	0.610000	0.075942	0.612731	0.609918	0.071087	0.627895	0.000000	0.000000	6.360646
2.530000	0.610000	0.076414	0.612731	0.609918	0.071558	0.627974	0.000000	0.000000	6.390743
2.540000	0.610000	0.076885	0.612731	0.609917	0.072029	0.628053	0.000000	0.000000	6.420686
2.550000	0.610000	0.077356	0.612731	0.609917	0.072500	0.628131	0.000000	0.000000	6.450473
2.560000	0.610000	0.077827	0.612731	0.609916	0.072971	0.628208	0.000000	0.000000	6.480102
2.570000	0.610000	0.078298	0.612731	0.609915	0.073443	0.628286	0.000000	0.000000	6.509571
2.580000	0.610000	0.078768	0.612731	0.609915	0.073914	0.628363	0.000000	0.000000	6.538878
2.590000	0.610000	0.079239	0.612731	0.609914	0.074386	0.628440	0.000000	0.000000	6.568020
2.600000	0.610000	0.079709	0.612731	0.609914	0.074857	0.628516	0.000000	0.000000	6.596997
2.610000	0.610000	0.080180	0.612731	0.609913	0.075329	0.628592	0.000000	0.000000	6.625805
2.620000	0.610000	0.080650	0.612731	0.609913	0.075800	0.628667	0.000000	0.000000	6.654443
2.630000	0.610000	0.081119	0.612731	0.609912	0.076271	0.628743	0.000000	0.000000	6.682909
2.640000	0.610000	0.081589	0.612731	0.609912	0.076743	0.628817	0.000000	0.000000	6.711201
2.650000	0.610000	0.082058	0.612731	0.609911	0.077214	0.628892	0.000000	0.000000	6.739316
2.660000	0.610000	0.082527	0.612731	0.609911	0.077686	0.628966	0.000000	0.000000	6.767253
2.670000	0.610000	0.082996	0.612731	0.609910	0.078157	0.629039	0.000000	0.000000	6.795010
2.680000	0.610000	0.083464	0.612731	0.609910	0.078628	0.629113	0.000000	0.000000	6.822585
2.690000	0.610000	0.083932	0.612731	0.609910	0.079099	0.629185	0.000000	0.000000	6.849976
2.700000	0.610000	0.084400	0.612731	0.609909	0.079569	0.629258	0.000000	0.000000	6.877181
2.710000	0.610000	0.084867	0.612731	0.609909	0.080040	0.629330	0.000000	0.000000	6.904198
2.720000	0.610000	0.085334	0.612731	0.609908	0.080510	0.629401	0.000000	0.000000	6.931025
2.730000	0.610000	0.085801	0.612731	0.609908	0.080980	0.629472	0.000000	0.000000	6.957660
2.740000	0.610000	0.086267	0.612731	0.609907	0.081450	0.629543	0.000000	0.000000	6.984102
2.750000	0.610000	0.086733	0.612731	0.609907	0.081920	0.629613	0.000000	0.000000	7.010349
2.760000	0.610000	0.087198	0.612731	0.609907	0.082389	0.629683	0.000000	0.000000	7.036398
2.770000	0.610000	0.087663	0.612731	0.609906	0.082859	0.629752	0.000000	0.000000	7.062248
2.780000	0.610000	0.088127	0.612731	0.609906	0.083327	0.629821	0.000000	0.000000	7.087897
2.790000	0.610000	0.088590	0.612731	0.609905	0.083796	0.629889	0.000000	0.000000	7.113344
2.800000	0.610000	0.089054	0.612731	0.609905	0.084264	0.629957	0.000000	0.000000	7.138586
2.810000	0.610000	0.089516	0.612731	0.609905	0.084732	0.630024	0.000000	0.000000	7.163622
2.820000	0.610000	0.089978	0.612731	0.609904	0.085199	0.630091	0.000000	0.000000	7.188450
2.830000	0.610000	0.090440	0.612731	0.609904	0.085666	0.630158	0.000000	0.000000	7.213068
2.840000	0.610000	0.090901	0.612731	0.609904	0.086133	0.630224	0.000000	0.000000	7.237475
2.850000	0.610000	0.091361	0.612731	0.609903	0.086599	0.630289	0.000000	0.000000	7.261668
2.860000	0.610000	0.091820	0.612731	0.609903	0.087065	0.630354	0.000000	0.000000	7.285647
2.870000	0.610000	0.092279	0.612731	0.609903	0.087530	0.630419	0.000000	0.000000	7.309409
2.880000	0.610000	0.092737	0.612731	0.609902	0.087995	0.630483	0.000000	0.000000	7.332953
2.890000	0.610000	0.093195	0.612731	0.609902	0.088459	0.630546	0.000000	0.000000	7.356277
2.900000	0.610000	0.093652	0.612731	0.609902	0.088922	0.630609	0.000000	0.000000	7.379379
2.910000	0.610000	0.094108	0.612731	0.609902	0.089386	0.630671	0.000000	0.000000	7.402259
2.920000	0.610000	0.094563	0.612731	0.609901	0.089848	0.630733	0.000000	0.000000	7.424913
2.930000	0.610000	0.095018	0.612731	0.609901	0.090310	0.630795	0.000000	0.000000	7.447341
2.940000	0.610000	0.095471	0.612731	0.609901	0.090772	0.630855	0.000000	0.000000	7.469542
2.950000	0.610000	0.095924	0.612731	0.609901	0.091232	0.630916	0.000000	0.000000	7.491513
2.960000	0.610000	0.096376	0.612731	0.609900	0.091693	0.630976	0.000000	0.000000	7.513252
2.970000	0.610000	0.096828	0.612731	0.609900	0.092152	0.631035	0.000000	0.000000	7.534760
2.980000	0.610000	0.097278	0.612731	0.609900	0.092611	0.631093	0.000000	0.000000	7.556033
2.990000	0.610000	0.097728	0.612731	0.609900	0.093069	0.631151	0.000000	0.000000	7.577071
3.000000	0.610000	0.098176	0.612731	0.609899	0.093526	0.631209	0.000000	0.000000	7.597871
3.010000	0.610000	0.098624	0.612731	0.609899	0.093983	0.631266	0.000000	0.000000	7.618434
3.020000	0.610000	0.099071	0.612731	0.609899	0.094439	0.631322	0.000000	0.000000	7.638756
3.030000	0.610000	0.099517	0.612731	0.609899	0.094894	0.631378	0.000000	0.000000	7.658837
3.040000	0.610000	0.099961	0.612731	0.609899	0.095348	0.631434	0.000000	0.000000	7.678675
3.050000	0.610000	0.100405	0.612731	0.609899	0.095802	0.631488	0.000000	0.000000	7.698269
3.060000	0.610000	0.100848	0.612731	0.609899	0.096255	0.631542	0.000000	0.000000	7.717618
3.070000	0.610000	0.101290	0.612731	0.609898	0.096707	0.631596	0.000000	0.000000	7.736719
3.080000	0.610000	0.101731	0.612731	0.609898	0.097158	0.631649	0.000000	0.000000	7.755573
3.090000	0.610000	0.102171	0.612731	0.609898	0.097608	0.631701	0.000000	0.000000	7.774177
3.100000	0.610000	0.102609	0.612731	0.609898	0.098057	0.631753	0.000000	0.000000	7.792530
3.110000	0.610000	0.103047	0.612731	0.609898	0.098506	0.631804	0.000000	0.000000	7.810631
3.120000	0.610000	0.103483	0.612731	0.609898	0.098953	0.631855	0.000000	0.000000	7.828478
3.130000	0.610000	0.103919	0.612731	0.609898	0.099400	0.631905	0.000000	0.000000	7.846071
3.140000	0.610000	0.104353	0.612731	0.609898	0.099845	0.631954	0.000000	0.000000	7.863408
3.150000	0.610000	0.104786	0.612731	0.609898	0.100290	0.632003	0.000000	0.000000	7.880488
3.160000	0.610000	0.105218	0.612731	0.609898	0.100734	0.632051	0.000000	0.000000	7.897310
3.170000	0.610000	0.105649	0.612731	0.609898	0.101176	0.632098	0.000000	0.000000	7.913872
3.180000	0.610000	0.106078	0.612731	0.609898	0.101618	0.632145	0.000000	0.000000	7.930173
3.190000	0.610000	0.106506	0.612731	0.609898	0.102058	0.632191	0.000000	0.000000	7.946213
3.200000	0.610000	0.106933	0.612731	0.609898	0.102498	0.632237	0.000000	0.000000	7.961989
3.210000	0.610000	0.107359	0.612731	0.609898	0.102936	0.632282	0.000000	0.000000	7.977502
3.220000	0.610000	0.107784	0.612731	0.609898	0.103373	0.632326	0.000000	0.000000	7.992750
3.230000	0.610000	0.108207	0.612731	0.609898	0.103810	0.632370	0.000000	0.000000	8.007731
3.240000	0.610000	0.108629	0.612731	0.609898	0.104245	0.632413	0.000000	0.000000	8.022445
3.250000	0.610000	0.109049	0.612731	0.609898	0.104678	0.632456	0.000000	0.000000	8.036891
3.260000	0.610000	0.109468	0.612731	0.609898	0.105111	0.632497	0.000000	0.000000	8.051067
3.270000	0.610000	0.109886	0.612731	0.609898	0.105543	0.632539	0.000000	0.000000	8.064974
3.280000	0.610000	0.110303	0.612731	0.609898	0.105973	0.632579	0.000000	0.000000	8.078609
3.290000	0.610000	0.110718	0.612731	0.609898	0.106402	0.632619	0.000000	0.000000	8.091972
3.300000	0.610000	0.111132	0.612731	0.609898	0.106830	0.632658	0.000000	0.000000	8.105061
3.310000	0.610000	0.111544	0.612731	0.609898	0.107256	0.632696	0.000000	0.000000	8.117877
3.320000	0.610000	0.111955	0.612731	0.609898	0.107682	0.632734	0.000000	0.000000	8.130417
3.330000	0.610000	0.112364	0.612731	0.609898	0.108106	0.632771	0.000000	0.000000	8.142682
3.340000	0.610000	0.112772	0.612731	0.609898	0.108529	0.632808	0.000000	0.000000	8.154670
3.350000	0.610000	0.113178	0.612731	0.609898	0.108950	0.632844	0.000000	0.000000	8.166381
3.360000	0.610000	0.113583	0.612731	0.609899	0.109370	0.632879	0.000000	0.000000	8.177813
3.370000	0.610000	0.113986	0.612731	0.609899	0.109789	0.632913	0.000000	0.000000	8.188966
3.380000	0.610000	0.114388	0.612731	0.609899	0.110206	0.632947	0.000000	0.000000	8.199839
3.390000	0.610000	0.114788	0.612731	0.609899	0.110622	0.632980	0.000000	0.000000	8.210431
3.400000	0.610000	0.115187	0.612731	0.609899	0.111037	0.633013	0.000000	0.000000	8.220742
3.410000	0.610000	0.115584	0.612731	0.609899	0.111450	0.633044	0.000000	0.000000	8.230771
3.420000	0.610000	0.115980	0.612731	0.609900	0.111862	0.633076	0.000000	0.000000	8.240516
3.430000	0.610000	0.116373	0.612731	0.609900	0.112272	0.633106	0.000000	0.000000	8.249978
3.440000	0.610000	0.116766	0.612731	0.609900	0.112681	0.633136	0.000000	0.000000	8.259156
3.450000	0.610000	0.117156	0.612731	0.609900	0.113088	0.633165	0.000000	0.000000	8.268049
3.460000	0.610000	0.117545	0.612731	0.609900	0.113494	0.633193	0.000000	0.000000	8.276657
3.470000	0.610000	0.117932	0.612731	0.609901	0.113898	0.633220	0.000000	0.000000	8.284978
3.480000	0.610000	0.118318	0.612731	0.609901	0.114301	0.633247	0.000000	0.000000	8.293013
3.490000	0.610000	0.118702	0.612731	0.609901	0.114702	0.633273	0.000000	0.000000	8.300760
3.500000	0.610000	0.119084	0.612731	0.609901	0.115102	0.633299	0.000000	0.000000	8.308220
3.510000	0.610000	0.119464	0.612731	0.609902	0.115500	0.633324	0.000000	0.000000	8.315391
3.520000	0.610000	0.119843	0.612731	0.609902	0.115896	0.633348	0.000000	0.000000	8.322274
3.530000	0.610000	0.120220	0.612731	0.609902	0.116291	0.633371	0.000000	0.000000	8.328867
3.540000	0.610000	0.120595	0.612731	0.609903	0.116684	0.633394	0.000000	0.000000	8.335170
3.550000	0.610000	0.120968	0.612731	0.609903	0.117076	0.633416	0.000000	0.000000	8.341183
3.560000	0.610000	0.121339	0.612731	0.609903	0.117466	0.633437	0.000000	0.000000	8.346906
3.570000	0.610000	0.121709	0.612731	0.609903	0.117854	0.633457	0.000000	0.000000	8.352337
3.580000	0.610000	0.122077	0.612731	0.609904	0.118240	0.633477	0.000000	0.000000	8.357477
3.590000	0.610000	0.122443	0.612731	0.609904	0.118625	0.633496	0.000000	0.000000	8.362326
3.600000	0.610000	0.122807	0.612731	0.609904	0.119008	0.633515	0.000000	0.000000	8.366882
3.610000	0.610000	0.123169	0.612731	0.609905	0.119390	0.633532	0.000000	0.000000	8.371145
3.620000	0.610000	0.123529	0.612731	0.609905	0.119769	0.633549	0.000000	0.000000	8.375116
3.630000	0.610000	0.123888	0.612731	0.609906	0.120147	0.633565	0.000000	0.000000	8.378794
3.640000	0.610000	0.124244	0.612731	0.609906	0.120523	0.633581	0.000000	0.000000	8.382179
3.650000	0.610000	0.124598	0.612731	0.609906	0.120898	0.633596	0.000000	0.000000	8.385270
3.660000	0.610000	0.124951	0.612731	0.609907	0.121270	0.633610	0.000000	0.000000	8.388067
3.670000	0.610000	0.125301	0.612731	0.609907	0.121641	0.633623	0.000000	0.000000	8.390571
3.680000	0.610000	0.125650	0.612731	0.609907	0.122010	0.633635	0.000000	0.000000	8.392780
3.690000	0.610000	0.125997	0.612731	0.609908	0.122377	0.633647	0.000000	0.000000	8.394695
3.700000	0.610000	0.126341	0.612731	0.609908	0.122742	0.633658	0.000000	0.000000	8.396316
3.710000	0.610000	0.126684	0.612731	0.609909	0.123105	0.633669	0.000000	0.000000	8.397642
3.720000	0.610000	0.127024	0.612731	0.609909	0.123466	0.633678	0.000000	0.000000	8.398674
3.730000	0.610000	0.127362	0.612731	0.609910	0.123826	0.633687	0.000000	0.000000	8.399410
3.740000	0.610000	0.127699	0.612731	0.609910	0.124183	0.633695	0.000000	0.000000	8.399853
3.750000	0.610000	0.128033	0.612731	0.609911	0.124539	0.633703	0.000000	0.000000	8.400000
3.760000	0.610000	0.128365	0.612731	0.609911	0.124892	0.633710	0.000000	0.000000	8.399853
3.770000	0.610000	0.128695	0.612731	0.609911	0.125244	0.633716	0.000000	0.000000	8.399410
3.780000	0.610000	0.129023	0.612731	0.609912	0.125593	0.633721	0.000000	0.000000	8.398674
3.790000	0.610000	0.129349	0.612731	0.609912	0.125941	0.633725	0.000000	0.000000	8.397642
3.800000	0.610000	0.129673	0.612731	0.609913	0.126287	0.633729	0.000000	0.000000	8.396316
3.810000	0.610000	0.129994	0.612731	0.609913	0.126630	0.633732	0.000000	0.000000	8.394695
3.820000	0.610000	0.130313	0.612731	0.609914	0.126972	0.633734	0.000000	0.000000	8.392780
3.830000	0.610000	0.130631	0.612731	0.609914	0.127311	0.633736	0.000000	0.000000	8.390571
3.840000	0.610000	0.130946	0.612731	0.609915	0.127649	0.633737	0.000000	0.000000	8.388067
3.850000	0.610000	0.131258	0.612731	0.609915	0.127984	0.633737	0.000000	0.000000	8.385270
3.860000	0.610000	0.131569	0.612731	0.609916	0.128317	0.633736	0.000000	0.000000	8.382179
3.870000	0.610000	0.131877	0.612731	0.609916	0.128649	0.633735	0.000000	0.000000	8.378794
3.880000	0.610000	0.132183	0.612731	0.609917	0.128978	0.633733	0.000000	0.000000	8.375116
3.890000	0.610000	0.132487	0.612731	0.609918	0.129305	0.633730	0.000000	0.000000	8.371145
3.900000	0.610000	0.132788	0.612731	0.609918	0.129629	0.633726	0.000000	0.000000	8.366882
3.910000	0.610000	0.133088	0.612731	0.609919	0.129952	0.633722	0.000000	0.000000	8.362326
3.920000	0.610000	0.133385	0.612731	0.609919	0.130273	0.633717	0.000000	0.000000	8.357477
3.930000	0.610000	0.133679	0.612731	0.609920	0.130591	0.633711	0.000000	0.000000	8.352337
3.940000	0.610000	0.133972	0.612731	0.609920	0.130907	0.633705	0.000000	0.000000	8.346906
3.950000	0.610000	0.134262	0.612731	0.609921	0.131221	0.633697	0.000000	0.000000	8.341183
3.960000	0.610000	0.134549	0.612731	0.609922	0.131532	0.633689	0.000000	0.000000	8.335170
3.970000	0.610000	0.134835	0.612731	0.609922	0.131842	0.633681	0.000000	0.000000	8.328867
3.980000	0.610000	0.135118	0.612731	0.609923	0.132149	0.633671	0.000000	0.000000	8.322274
3.990000	0.610000	0.135398	0.612731	0.609923	0.132454	0.633661	0.000000	0.000000	8.315391
4.000000	0.610000	0.135676	0.612731	0.609924	0.132757	0.633650	0.000000	0.000000	8.308220
4.010000	0.610000	0.135952	0.612731	0.609924	0.133057	0.633639	0.000000	0.000000	8.300760
4.020000	0.610000	0.136225	0.612731	0.609925	0.133355	0.633626	0.000000	0.000000	8.293013
4.030000	0.610000	0.136496	0.612731	0.609926	0.133651	0.633613	0.000000	0.000000	8.284978
4.040000	0.610000	0.136765	0.612731	0.609926	0.133944	0.633599	0.000000	0.000000	8.276657
4.050000	0.610000	0.137031	0.612731	0.609927	0.134235	0.633585	0.000000	0.000000	8.268049
4.060000	0.610000	0.137295	0.612731	0.609928	0.134524	0.633570	0.000000	0.000000	8.259156
4.070000	0.610000	0.137556	0.612731	0.609928	0.134811	0.633554	0.000000	0.000000	8.249978
4.080000	0.610000	0.137815	0.612731	0.609929	0.135095	0.633537	0.000000	0.000000	8.240516
4.090000	0.610000	0.138071	0.612731	0.609930	0.135377	0.633520	0.000000	0.000000	8.230771
4.100000	0.610000	0.138325	0.612731	0.609930	0.135656	0.633501	0.000000	0.000000	8.220742
4.110000	0.610000	0.138576	0.612731	0.609931	0.135933	0.633483	0.000000	0.000000	8.210431
4.120000	0.610000	0.138825	0.612731	0.609931	0.136207	0.633463	0.000000	0.000000	8.199839
4.130000	0.610000	0.139071	0.612731	0.609932	0.136479	0.633443	0.000000	0.000000	8.188966
4.140000	0.610000	0.139314	0.612731	0.609933	0.136749	0.633422	0.000000	0.000000	8.177813
4.150000	0.610000	0.139556	0.612731	0.609933	0.137016	0.633400	0.000000	0.000000	8.166381
4.160000	0.610000	0.139794	0.612731	0.609934	0.137281	0.633378	0.000000	0.000000	8.154670
4.170000	0.610000	0.140030	0.612731	0.609935	0.137544	0.633354	0.000000	0.000000	8.142682
4.180000	0.610000	0.140264	0.612731	0.609935	0.137803	0.633331	0.000000	0.000000	8.130417
4.190000	0.610000	0.140495	0.612731	0.609936	0.138061	0.633306	0.000000	0.000000	8.117877
4.200000	0.610000	0.140723	0.612731	0.609937	0.138316	0.633281	0.000000	0.000000	8.105061
4.210000	0.610000	0.140949	0.612731	0.609938	0.138568	0.633255	0.000000	0.000000	8.091972
4.220000	0.610000	0.141172	0.612731	0.609938	0.138818	0.633228	0.000000	0.000000	8.078609
4.230000	0.610000	0.141392	0.612731	0.609939	0.139065	0.633201	0.000000	0.000000	8.064974
4.240000	0.610000	0.141610	0.612731	0.609940	0.139310	0.633173	0.000000	0.000000	8.051067
4.250000	0.610000	0.141825	0.612731	0.609940	0.139553	0.633144	0.000000	0.000000	8.036891
4.260000	0.610000	0.142038	0.612731	0.609941	0.139792	0.633115	0.000000	0.000000	8.022445
4.270000	0.610000	0.142248	0.612731	0.609942	0.140030	0.633085	0.000000	0.000000	8.007731
4.280000	0.610000	0.142455	0.612731	0.609942	0.140264	0.633054	0.000000	0.000000	7.992750
4.290000	0.610000	0.142660	0.612731	0.609943	0.140496	0.633022	0.000000	0.000000	7.977502
4.300000	0.610000	0.142862	0.612731	0.609944	0.140726	0.632990	0.000000	0.000000	7.961989
4.310000	0.610000	0.143061	0.612731	0.609945	0.140953	0.632957	0.000000	0.000000	7.946213
4.320000	0.610000	0.143258	0.612731	0.609945	0.141177	0.632924	0.000000	0.000000	7.930173
4.330000	0.610000	0.143452	0.612731	0.609946	0.141399	0.632889	0.000000	0.000000	7.913872
4.340000	0.610000	0.143643	0.612731	0.609947	0.141618	0.632855	0.000000	0.000000	7.897310
4.350000	0.610000	0.143832	0.612731	0.609947	0.141834	0.632819	0.000000	0.000000	7.880488
4.360000	0.610000	0.144017	0.612731	0.609948	0.142048	0.632783	0.000000	0.000000	7.863408
4.370000	0.610000	0.144200	0.612731	0.609949	0.142259	0.632746	0.000000	0.000000	7.846071
4.380000	0.610000	0.144381	0.612731	0.609950	0.142467	0.632708	0.000000	0.000000	7.828478
4.390000	0.610000	0.144558	0.612731	0.609950	0.142673	0.632670	0.000000	0.000000	7.810631
4.400000	0.610000	0.144733	0.612731	0.609951	0.142876	0.632631	0.000000	0.000000	7.792530
4.410000	0.610000	0.144905	0.612731	0.609952	0.143077	0.632592	0.000000	0.000000	7.774177
4.420000	0.610000	0.145075	0.612731	0.609952	0.143274	0.632551	0.000000	0.000000	7.755573
4.430000	0.610000	0.145241	0.612731	0.609953	0.143469	0.632511	0.000000	0.000000	7.736719
4.440000	0.610000	0.145405	0.612731	0.609954	0.143662	0.632469	0.000000	0.000000	7.717618
4.450000	0.610000	0.145566	0.612731	0.609955	0.143851	0.632427	0.000000	0.000000	7.698269
4.460000	0.610000	0.145724	0.612731	0.609955	0.144038	0.632384	0.000000	0.000000	7.678675
4.470000	0.610000	0.145880	0.612731	0.609956	0.144223	0.632341	0.000000	0.000000	7.658837
4.480000	0.610000	0.146032	0.612731	0.609957	0.144404	0.632297	0.000000	0.000000	7.638756
4.490000	0.610000	0.146182	0.612731	0.609958	0.144583	0.632252	0.000000	0.000000	7.618434
4.500000	0.610000	0.146329	0.612731	0.609958	0.144759	0.632207	0.000000	0.000000	7.597871
4.510000	0.610000	0.146473	0.612731	0.609959	0.144932	0.632161	0.000000	0.000000	7.577071
4.520000	0.610000	0.146615	0.612731	0.609960	0.145102	0.632114	0.000000	0.000000	7.556033
4.530000	0.610000	0.146753	0.612731	0.609960	0.145270	0.632067	0.000000	0.000000	7.534760
4.540000	0.610000	0.146889	0.612731	0.609961	0.145435	0.632019	0.000000	0.000000	7.513252
4.550000	0.610000	0.147022	0.612731	0.609962	0.145597	0.631971	0.000000	0.000000	7.491513
4.560000	0.610000	0.147152	0.612731	0.609963	0.145756	0.631922	0.000000	0.000000	7.469542
4.570000	0.610000	0.147279	0.612731	0.609963	0.145913	0.631872	0.000000	0.000000	7.447341
4.580000	0.610000	0.147404	0.612731	0.609964	0.146067	0.631822	0.000000	0.000000	7.424913
4.590000	0.610000	0.147525	0.612731	0.609965	0.146218	0.631771	0.000000	0.000000	7.402259
4.600000	0.610000	0.147644	0.612731	0.609966	0.146366	0.631720	0.000000	0.000000	7.379379
4.610000	0.610000	0.147759	0.612731	0.609966	0.146511	0.631668	0.000000	0.000000	7.356277
4.620000	0.610000	0.147872	0.612731	0.609967	0.146653	0.631615	0.000000	0.000000	7.332953
4.630000	0.610000	0.147982	0.612731	0.609968	0.146793	0.631562	0.000000	0.000000	7.309409
4.640000	0.610000	0.148090	0.612731	0.609968	0.146930	0.631508	0.000000	0.000000	7.285647
4.650000	0.610000	0.148194	0.612731	0.609969	0.147064	0.631454	0.000000	0.000000	7.261668
4.660000	0.610000	0.148295	0.612731	0.609970	0.147195	0.631399	0.000000	0.000000	7.237475
4.670000	0.610000	0.148394	0.612731	0.609971	0.147323	0.631343	0.000000	0.000000	7.213068
4.680000	0.610000	0.148489	0.612731	0.609971	0.147449	0.631287	0.000000	0.000000	7.188450
4.690000	0.610000	0.148582	0.612731	0.609972	0.147571	0.631231	0.000000	0.000000	7.163622
4.700000	0.610000	0.148672	0.612731	0.609973	0.147691	0.631173	0.000000	0.000000	7.138586
4.710000	0.610000	0.148758	0.612731	0.609973	0.147808	0.631116	0.000000	0.000000	7.113344
4.720000	0.610000	0.148842	0.612731	0.609974	0.147922	0.631057	0.000000	0.000000	7.087897
4.730000	0.610000	0.148923	0.612731	0.609975	0.148033	0.630999	0.000000	0.000000	7.062248
4.740000	0.610000	0.149001	0.612731	0.609976	0.148141	0.630939	0.000000	0.000000	7.036398
4.750000	0.610000	0.149077	0.612731	0.609976	0.148246	0.630879	0.000000	0.000000	7.010349
4.760000	0.610000	0.149149	0.612731	0.609977	0.148349	0.630819	0.000000	0.000000	6.984102
4.770000	0.610000	0.149218	0.612731	0.609978	0.148448	0.630758	0.000000	0.000000	6.957660
4.780000	0.610000	0.149285	0.612731	0.609978	0.148545	0.630696	0.000000	0.000000	6.931025
4.790000	0.610000	0.149348	0.612731	0.609979	0.148638	0.630634	0.000000	0.000000	6.904198
4.800000	0.610000	0.149409	0.612731	0.609980	0.148729	0.630572	0.000000	0.000000	6.877181
4.810000	0.610000	0.149466	0.612731	0.609980	0.148817	0.630509	0.000000	0.000000	6.849976
4.820000	0.610000	0.149521	0.612731	0.609981	0.148902	0.630445	0.000000	0.000000	6.822585
4.830000	0.610000	0.149573	0.612731	0.609982	0.148984	0.630381	0.000000	0.000000	6.795010
4.840000	0.610000	0.149621	0.612731	0.609983	0.149063	0.630317	0.000000	0.000000	6.767253
4.850000	0.610000	0.149667	0.612731	0.609983	0.149139	0.630252	0.000000	0.000000	6.739316
4.860000	0.610000	0.149710	0.612731	0.609984	0.149212	0.630186	0.000000	0.000000	6.711201
4.870000	0.610000	0.149750	0.612731	0.609985	0.149283	0.630120	0.000000	0.000000	6.682909
4.880000	0.610000	0.149787	0.612731	0.609985	0.149350	0.630053	0.000000	0.000000	6.654443
4.890000	0.610000	0.149821	0.612731	0.609986	0.149415	0.629987	0.000000	0.000000	6.625805
4.900000	0.610000	0.149852	0.612731	0.609987	0.149476	0.629919	0.000000	0.000000	6.596997
4.910000	0.610000	0.149880	0.612731	0.609987	0.149535	0.629851	0.000000	0.000000	6.568020
4.920000	0.610000	0.149905	0.612731	0.609988	0.149590	0.629783	0.000000	0.000000	6.538878
4.930000	0.610000	0.149927	0.612731	0.609989	0.149643	0.629714	0.000000	0.000000	6.509571
4.940000	0.610000	0.149947	0.612731	0.609989	0.149693	0.629645	0.000000	0.000000	6.480102
4.950000	0.610000	0.149963	0.612731	0.609990	0.149740	0.629575	0.000000	0.000000	6.450473
4.960000	0.610000	0.149976	0.612731	0.609991	0.149783	0.629505	0.000000	0.000000	6.420686
4.970000	0.610000	0.149987	0.612731	0.609991	0.149824	0.629434	0.000000	0.000000	6.390743
4.980000	0.610000	0.149994	0.612731	0.609992	0.149862	0.629363	0.000000	0.000000	6.360646
4.990000	0.610000	0.149999	0.612731	0.609992	0.149897	0.629292	0.000000	0.000000	6.330398
5.000000	0.610000	0.150000	0.612731	0.609993	0.149929	0.629220	0.000000	0.000000	6.300000
5.010000	0.610000	0.149999	0.612731	0.609994	0.149958	0.629147	0.000000	0.000000	6.269455
5.020000	0.610000	0.149994	0.612731	0.609994	0.149984	0.629075	0.000000	0.000000	6.238764
5.030000	0.610000	0.149987	0.612731	0.609995	0.150007	0.629001	0.000000	0.000000	6.207931
5.040000	0.610000	0.149976	0.612731	0.609996	0.150027	0.628928	0.000000	0.000000	6.176957
5.050000	0.610000	0.149963	0.612731	0.609996	0.150045	0.628854	0.000000	0.000000	6.145843
5.060000	0.610000	0.149947	0.612731	0.609997	0.150059	0.628780	0.000000	0.000000	6.114594
5.070000	0.610000	0.149927	0.612731	0.609997	0.150070	0.628705	0.000000	0.000000	6.083210
5.080000	0.610000	0.149905	0.612731	0.609998	0.150078	0.628630	0.000000	0.000000	6.051693
5.090000	0.610000	0.149880	0.612731	0.609999	0.150084	0.628554	0.000000	0.000000	6.020047
5.100000	0.610000	0.149852	0.612731	0.609999	0.150086	0.628479	0.000000	0.000000	5.988273
5.110000	0.610000	0.149821	0.612731	0.610000	0.150086	0.628402	0.000000	0.000000	5.956374
5.120000	0.610000	0.149787	0.612731	0.610000	0.150082	0.628326	0.000000	0.000000	5.924351
5.130000	0.610000	0.149750	0.612731	0.610001	0.150075	0.628249	0.000000	0.000000	5.892207
5.140000	0.610000	0.149710	0.612731	0.610002	0.150066	0.628172	0.000000	0.000000	5.859944
5.150000	0.610000	0.149667	0.612731	0.610002	0.150054	0.628094	0.000000	0.000000	5.827565
5.160000	0.610000	0.149621	0.612731	0.610003	0.150038	0.628016	0.000000	0.000000	5.795072
5.170000	0.610000	0.149573	0.612731	0.610003	0.150020	0.627938	0.000000	0.000000	5.762467
5.180000	0.610000	0.149521	0.612731	0.610004	0.149998	0.627859	0.000000	0.000000	5.729752
5.190000	0.610000	0.149466	0.612731	0.610004	0.149974	0.627780	0.000000	0.000000	5.696930
5.200000	0.610000	0.149409	0.612731	0.610005	0.149947	0.627701	0.000000	0.000000	5.664003
5.210000	0.610000	0.149348	0.612731	0.610005	0.149917	0.627621	0.000000	0.000000	5.630973
5.220000	0.610000	0.149285	0.612731	0.610006	0.149883	0.627541	0.000000	0.000000	5.597842
5.230000	0.610000	0.149218	0.612731	0.610006	0.149847	0.627461	0.000000	0.000000	5.564614
5.240000	0.610000	0.149149	0.612731	0.610007	0.149808	0.627381	0.000000	0.000000	5.531289
5.250000	0.610000	0.149077	0.612731	0.610008	0.149766	0.627300	0.000000	0.000000	5.497871
5.260000	0.610000	0.149001	0.612731	0.610008	0.149721	0.627219	0.000000	0.000000	5.464363
5.270000	0.610000	0.148923	0.612731	0.610009	0.149673	0.627138	0.000000	0.000000	5.430765
5.280000	0.610000	0.148842	0.612731	0.610009	0.149622	0.627056	0.000000	0.000000	5.397081
5.290000	0.610000	0.148758	0.612731	0.610010	0.149568	0.626974	0.000000	0.000000	5.363313
5.300000	0.610000	0.148672	0.612731	0.610010	0.149511	0.626892	0.000000	0.000000	5.329463
5.310000	0.610000	0.148582	0.612731	0.610011	0.149452	0.626810	0.000000	0.000000	5.295534
5.320000	0.610000	0.148489	0.612731	0.610011	0.149389	0.626727	0.000000	0.000000	5.261529
5.330000	0.610000	0.148394	0.612731	0.610012	0.149323	0.626644	0.000000	0.000000	5.227448
5.340000	0.610000	0.148295	0.612731	0.610012	0.149255	0.626561	0.000000	0.000000	5.193296
5.350000	0.610000	0.148194	0.612731	0.610012	0.149183	0.626478	0.000000	0.000000	5.159074
5.360000	0.610000	0.148090	0.612731	0.610013	0.149109	0.626394	0.000000	0.000000	5.124784
5.370000	0.610000	0.147982	0.612731	0.610013	0.149032	0.626310	0.000000	0.000000	5.090430
5.380000	0.610000	0.147872	0.612731	0.610014	0.148951	0.626226	0.000000	0.000000	5.056013
5.390000	0.610000	0.147759	0.612731	0.610014	0.148868	0.626142	0.000000	0.000000	5.021536
5.400000	0.610000	0.147644	0.612731	0.610015	0.148782	0.626058	0.000000	0.000000	4.987002
5.410000	0.610000	0.147525	0.612731	0.610015	0.148693	0.625973	0.000000	0.000000	4.952412
5.420000	0.610000	0.147404	0.612731	0.610016	0.148601	0.625888	0.000000	0.000000	4.917769
5.430000	0.610000	0.147279	0.612731	0.610016	0.148506	0.625803	0.000000	0.000000	4.883076
5.440000	0.610000	0.147152	0.612731	0.610016	0.148408	0.625718	0.000000	0.000000	4.848335
5.450000	0.610000	0.147022	0.612731	0.610017	0.148308	0.625633	0.000000	0.000000	4.813549
5.460000	0.610000	0.146889	0.612731	0.610017	0.148204	0.625547	0.000000	0.000000	4.778719
5.470000	0.610000	0.146753	0.612731	0.610018	0.148098	0.625461	0.000000	0.000000	4.743849
5.480000	0.610000	0.146615	0.612731	0.610018	0.147988	0.625376	0.000000	0.000000	4.708941
5.490000	0.610000	0.146473	0.612731	0.610018	0.147876	0.625290	0.000000	0.000000	4.673997
5.500000	0.610000	0.146329	0.612731	0.610019	0.147761	0.625203	0.000000	0.000000	4.639020
5.510000	0.610000	0.146182	0.612731	0.610019	0.147643	0.625117	0.000000	0.000000	4.604011
5.520000	0.610000	0.146032	0.612731	0.610020	0.147522	0.625031	0.000000	0.000000	4.568975
5.530000	0.610000	0.145880	0.612731	0.610020	0.147399	0.624944	0.000000	0.000000	4.533913
5.540000	0.610000	0.145724	0.612731	0.610020	0.147272	0.624858	0.000000	0.000000	4.498827
5.550000	0.610000	0.145566	0.612731	0.610021	0.147143	0.624771	0.000000	0.000000	4.463720
5.560000	0.610000	0.145405	0.612731	0.610021	0.147011	0.624684	0.000000	0.000000	4.428595
5.570000	0.610000	0.145241	0.612731	0.610021	0.146875	0.624597	0.000000	0.000000	4.393454
5.580000	0.610000	0.145075	0.612731	0.610022	0.146738	0.624510	0.000000	0.000000	4.358299
5.590000	0.610000	0.144905	0.612731	0.610022	0.146597	0.624423	0.000000	0.000000	4.323133
5.600000	0.610000	0.144733	0.612731	0.610022	0.146453	0.624336	0.000000	0.000000	4.287958
5.610000	0.610000	0.144558	0.612731	0.610023	0.146307	0.624248	0.000000	0.000000	4.252777
5.620000	0.610000	0.144381	0.612731	0.610023	0.146158	0.624161	0.000000	0.000000	4.217593
5.630000	0.610000	0.144200	0.612731	0.610023	0.146006	0.624073	0.000000	0.000000	4.182407
5.640000	0.610000	0.144017	0.612731	0.610024	0.145851	0.623986	0.000000	0.000000	4.147223
5.650000	0.610000	0.143832	0.612731	0.610024	0.145693	0.623898	0.000000	0.000000	4.112042
5.660000	0.610000	0.143643	0.612731	0.610024	0.145533	0.623811	0.000000	0.000000	4.076867
5.670000	0.610000	0.143452	0.612731	0.610025	0.145369	0.623723	0.000000	0.000000	4.041701
5.680000	0.610000	0.143258	0.612731	0.610025	0.145203	0.623635	0.000000	0.000000	4.006546
5.690000	0.610000	0.143061	0.612731	0.610025	0.145035	0.623548	0.000000	0.000000	3.971405
5.700000	0.610000	0.142862	0.612731	0.610025	0.144863	0.623460	0.000000	0.000000	3.936280
5.710000	0.610000	0.142660	0.612731	0.610026	0.144689	0.623372	0.000000	0.000000	3.901173
5.720000	0.610000	0.142455	0.612731	0.610026	0.144512	0.623284	0.000000	0.000000	3.866087
5.730000	0.610000	0.142248	0.612731	0.610026	0.144332	0.623197	0.000000	0.000000	3.831025
5.740000	0.610000	0.142038	0.612731	0.610027	0.144150	0.623109	0.000000	0.000000	3.795989
5.750000	0.610000	0.141825	0.612731	0.610027	0.143964	0.623021	0.000000	0.000000	3.760980
5.760000	0.610000	0.141610	0.612731	0.610027	0.143776	0.622933	0.000000	0.000000	3.726003
5.770000	0.610000	0.141392	0.612731	0.610027	0.143586	0.622846	0.000000	0.000000	3.691059
5.780000	0.610000	0.141172	0.612731	0.610027	0.143392	0.622758	0.000000	0.000000	3.656151
5.790000	0.610000	0.140949	0.612731	0.610028	0.143196	0.622670	0.000000	0.000000	3.621281
5.800000	0.610000	0.140723	0.612731	0.610028	0.142997	0.622583	0.000000	0.000000	3.586451
5.810000	0.610000	0.140495	0.612731	0.610028	0.142796	0.622495	0.000000	0.000000	3.551665
5.820000	0.610000	0.140264	0.612731	0.610028	0.142592	0.622407	0.000000	0.000000	3.516924
5.830000	0.610000	0.140030	0.612731	0.610029	0.142385	0.622320	0.000000	0.000000	3.482231
5.840000	0.610000	0.139794	0.612731	0.610029	0.142176	0.622233	0.000000	0.000000	3.447588
5.850000	0.610000	0.139556	0.612731	0.610029	0.141963	0.622145	0.000000	0.000000	3.412998
5.860000	0.610000	0.139314	0.612731	0.610029	0.141749	0.622058	0.000000	0.000000	3.378464
5.870000	0.610000	0.139071	0.612731	0.610029	0.141531	0.621971	0.000000	0.000000	3.343987
5.880000	0.610000	0.138825	0.612731	0.610029	0.141311	0.621884	0.000000	0.000000	3.309570
5.890000	0.610000	0.138576	0.612731	0.610030	0.141089	0.621797	0.000000	0.000000	3.275216
5.900000	0.610000	0.138325	0.612731	0.610030	0.140863	0.621710	0.000000	0.000000	3.240926
5.910000	0.610000	0.138071	0.612731	0.610030	0.140635	0.621623	0.000000	0.000000	3.206704
5.920000	0.610000	0.137815	0.612731	0.610030	0.140405	0.621536	0.000000	0.000000	3.172552
5.930000	0.610000	0.137556	0.612731	0.610030	0.140172	0.621450	0.000000	0.000000	3.138471
5.940000	0.610000	0.137295	0.612731	0.610030	0.139936	0.621363	0.000000	0.000000	3.104466
5.950000	0.610000	0.137031	0.612731	0.610030	0.139698	0.621277	0.000000	0.000000	3.070537
5.960000	0.610000	0.136765	0.612731	0.610031	0.139457	0.621191	0.000000	0.000000	3.036687
5.970000	0.610000	0.136496	0.612731	0.610031	0.139214	0.621105	0.000000	0.000000	3.002919
5.980000	0.610000	0.136225	0.612731	0.610031	0.138968	0.621019	0.000000	0.000000	2.969235
5.990000	0.610000	0.135952	0.612731	0.610031	0.138720	0.620933	0.000000	0.000000	2.935637
6.000000	0.610000	0.135676	0.612731	0.610031	0.138469	0.620847	0.000000	0.000000	2.902129
6.010000	0.610000	0.135398	0.612731	0.610031	0.138216	0.620762	0.000000	0.000000	2.868711
6.020000	0.610000	0.135118	0.612731	0.610031	0.137960	0.620677	0.000000	0.000000	2.835386
6.030000	0.610000	0.134835	0.612731	0.610031	0.137702	0.620592	0.000000	0.000000	2.802158
6.040000	0.610000	0.134549	0.612731	0.610031	0.137441	0.620507	0.000000	0.000000	2.769027
6.050000	0.610000	0.134262	0.612731	0.610032	0.137178	0.620422	0.000000	0.000000	2.735997
6.060000	0.610000	0.133972	0.612731	0.610032	0.136912	0.620338	0.000000	0.000000	2.703070
6.070000	0.610000	0.133679	0.612731	0.610032	0.136644	0.620253	0.000000	0.000000	2.670248
6.080000	0.610000	0.133385	0.612731	0.610032	0.136373	0.620169	0.000000	0.000000	2.637533
6.090000	0.610000	0.133088	0.612731	0.610032	0.136100	0.620085	0.000000	0.000000	2.604928
6.100000	0.610000	0.132788	0.612731	0.610032	0.135825	0.620002	0.000000	0.000000	2.572435
6.110000	0.610000	0.132487	0.612731	0.610032	0.135547	0.619918	0.000000	0.000000	2.540056
6.120000	0.610000	0.132183	0.612731	0.610032	0.135267	0.619835	0.000000	0.000000	2.507793
6.130000	0.610000	0.131877	0.612731	0.610032	0.134984	0.619752	0.000000	0.000000	2.475649
6.140000	0.610000	0.131569	0.612731	0.610032	0.134699	0.619669	0.000000	0.000000	2.443626
6.150000	0.610000	0.131258	0.612731	0.610032	0.134412	0.619587	0.000000	0.000000	2.411727
6.160000	0.610000	0.130946	0.612731	0.610032	0.134122	0.619505	0.000000	0.000000	2.379953
6.170000	0.610000	0.130631	0.612731	0.610032	0.133830	0.619423	0.000000	0.000000	2.348307
6.180000	0.610000	0.130313	0.612731	0.610032	0.133536	0.619341	0.000000	0.000000	2.316790
6.190000	0.610000	0.129994	0.612731	0.610032	0.133239	0.619259	0.000000	0.000000	2.285406
6.200000	0.610000	0.129673	0.612731	0.610032	0.132940	0.619178	0.000000	0.000000	2.254157
6.210000	0.610000	0.129349	0.612731	0.610032	0.132639	0.619097	0.000000	0.000000	2.223043
6.220000	0.610000	0.129023	0.612731	0.610032	0.132335	0.619017	0.000000	0.000000	2.192069
6.230000	0.610000	0.128695	0.612731	0.610032	0.132030	0.618937	0.000000	0.000000	2.161236
6.240000	0.610000	0.128365	0.612731	0.610032	0.131722	0.618857	0.000000	0.000000	2.130545
6.250000	0.610000	0.128033	0.612731	0.610032	0.131411	0.618777	0.000000	0.000000	2.100000
6.260000	0.610000	0.127699	0.612731	0.610032	0.131099	0.618697	0.000000	0.000000	2.069602
6.270000	0.610000	0.127362	0.612731	0.610032	0.130784	0.618618	0.000000	0.000000	2.039354
6.280000	0.610000	0.127024	0.612731	0.610032	0.130467	0.618540	0.000000	0.000000	2.009257
6.290000	0.610000	0.126684	0.612731	0.610032	0.130148	0.618461	0.000000	0.000000	1.979314
6.300000	0.610000	0.126341	0.612731	0.610032	0.129827	0.618383	0.000000	0.000000	1.949527
6.310000	0.610000	0.125997	0.612731	0.610032	0.129504	0.618305	0.000000	0.000000	1.919898
6.320000	0.610000	0.125650	0.612731	0.610032	0.129178	0.618228	0.000000	0.000000	1.890429
6.330000	0.610000	0.125301	0.612731	0.610032	0.128850	0.618151	0.000000	0.000000	1.861122
6.340000	0.610000	0.124951	0.612731	0.610032	0.128521	0.618074	0.000000	0.000000	1.831980
6.350000	0.610000	0.124598	0.612731	0.610032	0.128189	0.617998	0.000000	0.000000	1.803003
6.360000	0.610000	0.124244	0.612731	0.610032	0.127855	0.617922	0.000000	0.000000	1.774195
6.370000	0.610000	0.123888	0.612731	0.610032	0.127518	0.617846	0.000000	0.000000	1.745557
6.380000	0.610000	0.123529	0.612731	0.610031	0.127180	0.617771	0.000000	0.000000	1.717091
6.390000	0.610000	0.123169	0.612731	0.610031	0.126840	0.617696	0.000000	0.000000	1.688799
6.400000	0.610000	0.122807	0.612731	0.610031	0.126498	0.617622	0.000000	0.000000	1.660684
6.410000	0.610000	0.122443	0.612731	0.610031	0.126153	0.617548	0.000000	0.000000	1.632747
6.420000	0.610000	0.122077	0.612731	0.610031	0.125807	0.617474	0.000000	0.000000	1.604990
6.430000	0.610000	0.121709	0.612731	0.610031	0.125459	0.617401	0.000000	0.000000	1.577415
6.440000	0.610000	0.121339	0.612731	0.610031	0.125108	0.617328	0.000000	0.000000	1.550024
6.450000	0.610000	0.120968	0.612731	0.610031	0.124756	0.617255	0.000000	0.000000	1.522819
6.460000	0.610000	0.120595	0.612731	0.610031	0.124401	0.617183	0.000000	0.000000	1.495802
6.470000	0.610000	0.120220	0.612731	0.610031	0.124045	0.617112	0.000000	0.000000	1.468975
6.480000	0.610000	0.119843	0.612731	0.610030	0.123687	0.617041	0.000000	0.000000	1.442340
6.490000	0.610000	0.119464	0.612731	0.610030	0.123327	0.616970	0.000000	0.000000	1.415898
6.500000	0.610000	0.119084	0.612731	0.610030	0.122965	0.616899	0.000000	0.000000	1.389651
6.510000	0.610000	0.118702	0.612731	0.610030	0.122601	0.616830	0.000000	0.000000	1.363602
6.520000	0.610000	0.118318	0.612731	0.610030	0.122235	0.616760	0.000000	0.000000	1.337752
6.530000	0.610000	0.117932	0.612731	0.610030	0.121868	0.616691	0.000000	0.000000	1.312103
6.540000	0.610000	0.117545	0.612731	0.610030	0.121498	0.616623	0.000000	0.000000	1.286656
6.550000	0.610000	0.117156	0.612731	0.610030	0.121127	0.616554	0.000000	0.000000	1.261414
6.560000	0.610000	0.116766	0.612731	0.610029	0.120754	0.616487	0.000000	0.000000	1.236378
6.570000	0.610000	0.116373	0.612731	0.610029	0.120379	0.616420	0.000000	0.000000	1.211550
6.580000	0.610000	0.115980	0.612731	0.610029	0.120002	0.616353	0.000000	0.000000	1.186932
6.590000	0.610000	0.115584	0.612731	0.610029	0.119623	0.616287	0.000000	0.000000	1.162525
6.600000	0.610000	0.115187	0.612731	0.610029	0.119243	0.616221	0.000000	0.000000	1.138332
6.610000	0.610000	0.114788	0.612731	0.610029	0.118861	0.616156	0.000000	0.000000	1.114353
6.620000	0.610000	0.114388	0.612731	0.610028	0.118477	0.616091	0.000000	0.000000	1.090591
6.630000	0.610000	0.113986	0.612731	0.610028	0.118092	0.616027	0.000000	0.000000	1.067047
6.640000	0.610000	0.113583	0.612731	0.610028	0.117705	0.615963	0.000000	0.000000	1.043723
6.650000	0.610000	0.113178	0.612731	0.610028	0.117316	0.615900	0.000000	0.000000	1.020621
6.660000	0.610000	0.112772	0.612731	0.610028	0.116925	0.615837	0.000000	0.000000	0.997741
6.670000	0.610000	0.112364	0.612731	0.610028	0.116533	0.615775	0.000000	0.000000	0.975087
6.680000	0.610000	0.111955	0.612731	0.610027	0.116139	0.615714	0.000000	0.000000	0.952659
6.690000	0.610000	0.111544	0.612731	0.610027	0.115744	0.615652	0.000000	0.000000	0.930458
6.700000	0.610000	0.111132	0.612731	0.610027	0.115347	0.615592	0.000000	0.000000	0.908487
6.710000	0.610000	0.110718	0.612731	0.610027	0.114948	0.615532	0.000000	0.000000	0.886748
6.720000	0.610000	0.110303	0.612731	0.610027	0.114548	0.615472	0.000000	0.000000	0.865240
6.730000	0.610000	0.109886	0.612731	0.610026	0.114146	0.615413	0.000000	0.000000	0.843967
6.740000	0.610000	0.109468	0.612731	0.610026	0.113742	0.615355	0.000000	0.000000	0.822929
6.750000	0.610000	0.109049	0.612731	0.610026	0.113338	0.615297	0.000000	0.000000	0.802129
6.760000	0.610000	0.108629	0.612731	0.610026	0.112931	0.615240	0.000000	0.000000	0.781566
6.770000	0.610000	0.108207	0.612731	0.610026	0.112523	0.615183	0.000000	0.000000	0.761244
6.780000	0.610000	0.107784	0.612731	0.610025	0.112114	0.615127	0.000000	0.000000	0.741163
6.790000	0.610000	0.107359	0.612731	0.610025	0.111703	0.615071	0.000000	0.000000	0.721325
6.800000	0.610000	0.106933	0.612731	0.610025	0.111291	0.615016	0.000000	0.000000	0.701731
6.810000	0.610000	0.106506	0.612731	0.610025	0.110877	0.614961	0.000000	0.000000	0.682382
6.820000	0.610000	0.106078	0.612731	0.610025	0.110462	0.614907	0.000000	0.000000	0.663281
6.830000	0.610000	0.105649	0.612731	0.610024	0.110045	0.614854	0.000000	0.000000	0.644427
6.840000	0.610000	0.105218	0.612731	0.610024	0.109628	0.614801	0.000000	0.000000	0.625823
6.850000	0.610000	0.104786	0.612731	0.610024	0.109208	0.614749	0.000000	0.000000	0.607470
6.860000	0.610000	0.104353	0.612731	0.610024	0.108788	0.614697	0.000000	0.000000	0.589369
6.870000	0.610000	0.103919	0.612731	0.610024	0.108366	0.614646	0.000000	0.000000	0.571522
6.880000	0.610000	0.103483	0.612731	0.610023	0.107942	0.614596	0.000000	0.000000	0.553929
6.890000	0.610000	0.103047	0.612731	0.610023	0.107518	0.614546	0.000000	0.000000	0.536592
6.900000	0.610000	0.102609	0.612731	0.610023	0.107092	0.614497	0.000000	0.000000	0.519512
6.910000	0.610000	0.102171	0.612731	0.610023	0.106665	0.614449	0.000000	0.000000	0.502690
6.920000	0.610000	0.101731	0.612731	0.610022	0.106237	0.614401	0.000000	0.000000	0.486128
6.930000	0.610000	0.101290	0.612731	0.610022	0.105807	0.614353	0.000000	0.000000	0.469827
6.940000	0.610000	0.100848	0.612731	0.610022	0.105376	0.614306	0.000000	0.000000	0.453787
6.950000	0.610000	0.100405	0.612731	0.610022	0.104944	0.614260	0.000000	0.000000	0.438011
6.960000	0.610000	0.099961	0.612731	0.610021	0.104511	0.614215	0.000000	0.000000	0.422498
6.970000	0.610000	0.099517	0.612731	0.610021	0.104076	0.614170	0.000000	0.000000	0.407250
6.980000	0.610000	0.099071	0.612731	0.610021	0.103641	0.614126	0.000000	0.000000	0.392269
6.990000	0.610000	0.098624	0.612731	0.610021	0.103204	0.614082	0.000000	0.000000	0.377555
7.000000	0.610000	0.098176	0.612731	0.610021	0.102767	0.614039	0.000000	0.000000	0.363109
7.010000	0.610000	0.097728	0.612731	0.610020	0.102328	0.613997	0.000000	0.000000	0.348933
7.020000	0.610000	0.097278	0.612731	0.610020	0.101888	0.613955	0.000000	0.000000	0.335026
7.030000	0.610000	0.096828	0.612731	0.610020	0.101447	0.613914	0.000000	0.000000	0.321391
7.040000	0.610000	0.096376	0.612731	0.610020	0.101005	0.613874	0.000000	0.000000	0.308028
7.050000	0.610000	0.095924	0.612731	0.610019	0.100562	0.613834	0.000000	0.000000	0.294939
7.060000	0.610000	0.095471	0.612731	0.610019	0.100118	0.613795	0.000000	0.000000	0.282123
7.070000	0.610000	0.095018	0.612731	0.610019	0.099672	0.613757	0.000000	0.000000	0.269583
7.080000	0.610000	0.094563	0.612731	0.610019	0.099226	0.613719	0.000000	0.000000	0.257318
7.090000	0.610000	0.094108	0.612731	0.610018	0.098779	0.613682	0.000000	0.000000	0.245330
7.100000	0.610000	0.093652	0.612731	0.610018	0.098332	0.613646	0.000000	0.000000	0.233619
7.110000	0.610000	0.093195	0.612731	0.610018	0.097883	0.613610	0.000000	0.000000	0.222187
7.120000	0.610000	0.092737	0.612731	0.610018	0.097433	0.613575	0.000000	0.000000	0.211034
7.130000	0.610000	0.092279	0.612731	0.610017	0.096982	0.613541	0.000000	0.000000	0.200161
7.140000	0.610000	0.091820	0.612731	0.610017	0.096531	0.613507	0.000000	0.000000	0.189569
7.150000	0.610000	0.091361	0.612731	0.610017	0.096078	0.613474	0.000000	0.000000	0.179258
7.160000	0.610000	0.090901	0.612731	0.610017	0.095625	0.613442	0.000000	0.000000	0.169229
7.170000	0.610000	0.090440	0.612731	0.610016	0.095171	0.613410	0.000000	0.000000	0.159484
7.180000	0.610000	0.089978	0.612731	0.610016	0.094716	0.613379	0.000000	0.000000	0.150022
7.190000	0.610000	0.089516	0.612731	0.610016	0.094261	0.613349	0.000000	0.000000	0.140844
7.200000	0.610000	0.089054	0.612731	0.610016	0.093804	0.613319	0.000000	0.000000	0.131951
7.210000	0.610000	0.088590	0.612731	0.610015	0.093347	0.613290	0.000000	0.000000	0.123343
7.220000	0.610000	0.088127	0.612731	0.610015	0.092890	0.613262	0.000000	0.000000	0.115022
7.230000	0.610000	0.087663	0.612731	0.610015	0.092431	0.613235	0.000000	0.000000	0.106987
7.240000	0.610000	0.087198	0.612731	0.610014	0.091972	0.613208	0.000000	0.000000	0.099240
7.250000	0.610000	0.086733	0.612731	0.610014	0.091512	0.613182	0.000000	0.000000	0.091780
7.260000	0.610000	0.086267	0.612731	0.610014	0.091051	0.613157	0.000000	0.000000	0.084609
7.270000	0.610000	0.085801	0.612731	0.610014	0.090590	0.613132	0.000000	0.000000	0.077726
7.280000	0.610000	0.085334	0.612731	0.610013	0.090128	0.613108	0.000000	0.000000	0.071133
7.290000	0.610000	0.084867	0.612731	0.610013	0.089666	0.613085	0.000000	0.000000	0.064830
7.300000	0.610000	0.084400	0.612731	0.610013	0.089203	0.613062	0.000000	0.000000	0.058817
7.310000	0.610000	0.083932	0.612731	0.610013	0.088740	0.613040	0.000000	0.000000	0.053094
7.320000	0.610000	0.083464	0.612731	0.610012	0.088276	0.613019	0.000000	0.000000	0.047663
7.330000	0.610000	0.082996	0.612731	0.610012	0.087811	0.612999	0.000000	0.000000	0.042523
7.340000	0.610000	0.082527	0.612731	0.610012	0.087346	0.612979	0.000000	0.000000	0.037674
7.350000	0.610000	0.082058	0.612731	0.610012	0.086880	0.612960	0.000000	0.000000	0.033118
7.360000	0.610000	0.081589	0.612731	0.610011	0.086414	0.612942	0.000000	0.000000	0.028855
7.370000	0.610000	0.081119	0.612731	0.610011	0.085948	0.612924	0.000000	0.000000	0.024884
7.380000	0.610000	0.080650	0.612731	0.610011	0.085481	0.612908	0.000000	0.000000	0.021206
7.390000	0.610000	0.080180	0.612731	0.610011	0.085014	0.612892	0.000000	0.000000	0.017821
7.400000	0.610000	0.079709	0.612731	0.610010	0.084546	0.612876	0.000000	0.000000	0.014730
7.410000	0.610000	0.079239	0.612731	0.610010	0.084078	0.612862	0.000000	0.000000	0.011933
7.420000	0.610000	0.078768	0.612731	0.610010	0.083609	0.612848	0.000000	0.000000	0.009429
7.430000	0.610000	0.078298	0.612731	0.610010	0.083140	0.612834	0.000000	0.000000	0.007220
7.440000	0.610000	0.077827	0.612731	0.610009	0.082671	0.612822	0.000000	0.000000	0.005305
7.450000	0.610000	0.077356	0.612731	0.610009	0.082202	0.612810	0.000000	0.000000	0.003684
7.460000	0.610000	0.076885	0.612731	0.610009	0.081732	0.612799	0.000000	0.000000	0.002358
7.470000	0.610000	0.076414	0.612731	0.610009	0.081262	0.612789	0.000000	0.000000	0.001326
7.480000	0.610000	0.075942	0.612731	0.610008	0.080792	0.612779	0.000000	0.000000	0.000590
7.490000	0.610000	0.075471	0.612731	0.610008	0.080322	0.612771	0.000000	0.000000	0.000147
7.500000	0.610000	0.075000	0.612731	0.610008	0.079851	0.612763	0.000000	0.000000	0.000000
7.510000	0.610000	0.074529	0.612731	0.610008	0.079380	0.612755	0.000000	0.000000	0.000000
7.520000	0.610000	0.074058	0.612731	0.610008	0.078909	0.612749	0.000000	0.000000	0.000000
7.530000	0.610000	0.073586	0.612731	0.610007	0.078438	0.612743	0.000000	0.000000	0.000000
7.540000	0.610000	0.073115	0.612731	0.610007	0.077967	0.612738	0.000000	0.000000	0.000000
7.550000	0.610000	0.072644	0.612731	0.610007	0.077495	0.612733	0.000000	0.000000	0.000000
7.560000	0.610000	0.072173	0.612731	0.610007	0.077024	0.612729	0.000000	0.000000	0.000000
7.570000	0.610000	0.071702	0.612731	0.610006	0.076552	0.612726	0.000000	0.000000	0.000000
7.580000	0.610000	0.071232	0.612731	0.610006	0.076080	0.612723	0.000000	0.000000	0.000000
7.590000	0.610000	0.070761	0.612731	0.610006	0.075609	0.612721	0.000000	0.000000	0.000000
7.600000	0.610000	0.070291	0.612731	0.610006	0.075137	0.612720	0.000000	0.000000	0.000000
7.610000	0.610000	0.069820	0.612731	0.610005	0.074666	0.612719	0.000000	0.000000	0.000000
7.620000	0.610000	0.069350	0.612731	0.610005	0.074194	0.612718	0.000000	0.000000	0.000000
7.630000	0.610000	0.068881	0.612731	0.610005	0.073722	0.612718	0.000000	0.000000	0.000000
7.640000	0.610000	0.068411	0.612731	0.610004	0.073251	0.612718	0.000000	0.000000	0.000000
7.650000	0.610000	0.067942	0.612731	0.610004	0.072780	0.612718	0.000000	0.000000	0.000000
7.660000	0.610000	0.067473	0.612731	0.610004	0.072308	0.612719	0.000000	0.000000	0.000000
7.670000	0.610000	0.067004	0.612731	0.610003	0.071837	0.612720	0.000000	0.000000	0.000000
7.680000	0.610000	0.066536	0.612731	0.610003	0.071366	0.612721	0.000000	0.000000	0.000000
7.690000	0.610000	0.066068	0.612731	0.610003	0.070895	0.612722	0.000000	0.000000	0.000000
7.700000	0.610000	0.065600	0.612731	0.610002	0.070424	0.612724	0.000000	0.000000	0.000000
7.710000	0.610000	0.065133	0.612731	0.610002	0.069954	0.612726	0.000000	0.000000	0.000000
7.720000	0.610000	0.064666	0.612731	0.610001	0.069483	0.612727	0.000000	0.000000	0.000000
7.730000	0.610000	0.064199	0.612731	0.610001	0.069013	0.612729	0.000000	0.000000	0.000000
7.740000	0.610000	0.063733	0.612731	0.610000	0.068543	0.612731	0.000000	0.000000	0.000000
7.750000	0.610000	0.063267	0.612731	0.610000	0.068073	0.612732	0.000000	0.000000	0.000000
7.760000	0.610000	0.062802	0.612731	0.609999	0.067604	0.612734	0.000000	0.000000	0.000000
7.770000	0.610000	0.062337	0.612731	0.609999	0.067135	0.612736	0.000000	0.000000	0.000000
7.780000	0.610000	0.061873	0.612731	0.609998	0.066666	0.612737	0.000000	0.000000	0.000000
7.790000	0.610000	0.061410	0.612731	0.609998	0.066197	0.612739	0.000000	0.000000	0.000000
7.800000	0.610000	0.060946	0.612731	0.609997	0.065729	0.612741	0.000000	0.000000	0.000000
7.810000	0.610000	0.060484	0.612731	0.609997	0.065261	0.612742	0.000000	0.000000	0.000000
7.820000	0.610000	0.060022	0.612731	0.609996	0.064794	0.612744	0.000000	0.000000	0.000000
7.830000	0.610000	0.059560	0.612731	0.609996	0.064327	0.612745	0.000000	0.000000	0.000000
7.840000	0.610000	0.059099	0.612731	0.609995	0.063860	0.612746	0.000000	0.000000	0.000000
7.850000	0.610000	0.058639	0.612731	0.609995	0.063394	0.612747	0.000000	0.000000	0.000000
7.860000	0.610000	0.058180	0.612731	0.609994	0.062928	0.612748	0.000000	0.000000	0.000000
7.870000	0.610000	0.057721	0.612731	0.609993	0.062463	0.612749	0.000000	0.000000	0.000000
7.880000	0.610000	0.057263	0.612731	0.609993	0.061998	0.612750	0.000000	0.000000	0.000000
7.890000	0.610000	0.056805	0.612731	0.609992	0.061534	0.612750	0.000000	0.000000	0.000000
7.900000	0.610000	0.056348	0.612731	0.609992	0.061070	0.612751	0.000000	0.000000	0.000000
7.910000	0.610000	0.055892	0.612731	0.609991	0.060607	0.612752	0.000000	0.000000	0.000000
7.920000	0.610000	0.055437	0.612731	0.609991	0.060144	0.612752	0.000000	0.000000	0.000000
7.930000	0.610000	0.054982	0.612731	0.609990	0.059682	0.612752	0.000000	0.000000	0.000000
7.940000	0.610000	0.054529	0.612731	0.609989	0.059220	0.612753	0.000000	0.000000	0.000000
7.950000	0.610000	0.054076	0.612731	0.609989	0.058759	0.612753	0.000000	0.000000	0.000000
7.960000	0.610000	0.053624	0.612731	0.609988	0.058299	0.612753	0.000000	0.000000	0.000000
7.970000	0.610000	0.053172	0.612731	0.609988	0.057839	0.612753	0.000000	0.000000	0.000000
7.980000	0.610000	0.052722	0.612731	0.609987	0.057380	0.612753	0.000000	0.000000	0.000000
7.990000	0.610000	0.052272	0.612731	0.609987	0.056922	0.612753	0.000000	0.000000	0.000000
8.000000	0.610000	0.051824	0.612731	0.609986	0.056464	0.612753	0.000000	0.000000	0.000000
8.010000	0.610000	0.051376	0.612731	0.609986	0.056008	0.612752	0.000000	0.000000	0.000000
8.020000	0.610000	0.050929	0.612731	0.609985	0.055552	0.612752	0.000000	0.000000	0.000000
8.030000	0.610000	0.050483	0.612731	0.609985	0.055096	0.612752	0.000000	0.000000	0.000000
8.040000	0.610000	0.050039	0.612731	0.609984	0.054642	0.612752	0.000000	0.000000	0.000000
8.050000	0.610000	0.049595	0.612731	0.609984	0.054188	0.612751	0.000000	0.000000	0.000000
8.060000	0.610000	0.049152	0.612731	0.609983	0.053735	0.612751	0.000000	0.000000	0.000000
8.070000	0.610000	0.048710	0.612731	0.609983	0.053283	0.612751	0.000000	0.000000	0.000000
8.080000	0.610000	0.048269	0.612731	0.609982	0.052832	0.612750	0.000000	0.000000	0.000000
8.090000	0.610000	0.047829	0.612731	0.609982	0.052381	0.612750	0.000000	0.000000	0.000000
8.100000	0.610000	0.047391	0.612731	0.609981	0.051932	0.612749	0.000000	0.000000	0.000000
8.110000	0.610000	0.046953	0.612731	0.609981	0.051483	0.612749	0.000000	0.000000	0.000000
8.120000	0.610000	0.046517	0.612731	0.609980	0.051036	0.612749	0.000000	0.000000	0.000000
8.130000	0.610000	0.046081	0.612731	0.609980	0.050589	0.612748	0.000000	0.000000	0.000000
8.140000	0.610000	0.045647	0.612731	0.609980	0.050143	0.612748	0.000000	0.000000	0.000000
8.150000	0.610000	0.045214	0.612731	0.609979	0.049699	0.612748	0.000000	0.000000	0.000000
8.160000	0.610000	0.044782	0.612731	0.609979	0.049255	0.612747	0.000000	0.000000	0.000000
8.170000	0.610000	0.044351	0.612731	0.609978	0.048812	0.612747	0.000000	0.000000	0.000000
8.180000	0.610000	0.043922	0.612731	0.609978	0.048371	0.612746	0.000000	0.000000	0.000000
8.190000	0.610000	0.043494	0.612731	0.609978	0.047930	0.612746	0.000000	0.000000	0.000000
8.200000	0.610000	0.043067	0.612731	0.609977	0.047491	0.612746	0.000000	0.000000	0.000000
8.210000	0.610000	0.042641	0.612731	0.609977	0.047052	0.612745	0.000000	0.000000	0.000000
8.220000	0.610000	0.042216	0.612731	0.609977	0.046615	0.612745	0.000000	0.000000	0.000000
8.230000	0.610000	0.041793	0.612731	0.609976	0.046179	0.612745	0.000000	0.000000	0.000000
8.240000	0.610000	0.041371	0.612731	0.609976	0.045743	0.612745	0.000000	0.000000	0.000000
8.250000	0.610000	0.040951	0.612731	0.609976	0.045310	0.612744	0.000000	0.000000	0.000000
8.260000	0.610000	0.040532	0.612731	0.609975	0.044877	0.612744	0.000000	0.000000	0.000000
8.270000	0.610000	0.040114	0.612731	0.609975	0.044445	0.612744	0.000000	0.000000	0.000000
8.280000	0.610000	0.039697	0.612731	0.609975	0.044015	0.612743	0.000000	0.000000	0.000000
8.290000	0.610000	0.039282	0.612731	0.609975	0.043586	0.612743	0.000000	0.000000	0.000000
8.300000	0.610000	0.038868	0.612731	0.609974	0.043158	0.612743	0.000000	0.000000	0.000000
8.310000	0.610000	0.038456	0.612731	0.609974	0.042731	0.612743	0.000000	0.000000	0.000000
8.320000	0.610000	0.038045	0.612731	0.609974	0.042306	0.612743	0.000000	0.000000	0.000000
8.330000	0.610000	0.037636	0.612731	0.609974	0.041882	0.612742	0.000000	0.000000	0.000000
8.340000	0.610000	0.037228	0.612731	0.609973	0.041459	0.612742	0.000000	0.000000	0.000000
8.350000	0.610000	0.036822	0.612731	0.609973	0.041038	0.612742	0.000000	0.000000	0.000000
8.360000	0.610000	0.036417	0.612731	0.609973	0.040618	0.612742	0.000000	0.000000	0.000000
8.370000	0.610000	0.036014	0.612731	0.609973	0.040199	0.612742	0.000000	0.000000	0.000000
8.380000	0.610000	0.035612	0.612731	0.609972	0.039782	0.612742	0.000000	0.000000	0.000000
8.390000	0.610000	0.035212	0.612731	0.609972	0.039366	0.612741	0.000000	0.000000	0.000000
8.400000	0.610000	0.034813	0.612731	0.609972	0.038951	0.612741	0.000000	0.000000	0.000000
8.410000	0.610000	0.034416	0.612731	0.609972	0.038538	0.612741	0.000000	0.000000	0.000000
8.420000	0.610000	0.034020	0.612731	0.609972	0.038126	0.612741	0.000000	0.000000	0.000000
8.430000	0.610000	0.033627	0.612731	0.609971	0.037716	0.612741	0.000000	0.000000	0.000000
8.440000	0.610000	0.033234	0.612731	0.609971	0.037308	0.612741	0.000000	0.000000	0.000000
8.450000	0.610000	0.032844	0.612731	0.609971	0.036900	0.612740	0.000000	0.000000	0.000000
8.460000	0.610000	0.032455	0.612731	0.609971	0.036495	0.612740	0.000000	0.000000	0.000000
8.470000	0.610000	0.032068	0.612731	0.609971	0.036090	0.612740	0.000000	0.000000	0.000000
8.480000	0.610000	0.031682	0.612731	0.609971	0.035688	0.612740	0.000000	0.000000	0.000000
8.490000	0.610000	0.031298	0.612731	0.609970	0.035286	0.612740	0.000000	0.000000	0.000000
8.500000	0.610000	0.030916	0.612731	0.609970	0.034887	0.612740	0.000000	0.000000	0.000000
8.510000	0.610000	0.030536	0.612731	0.609970	0.034489	0.612740	0.000000	0.000000	0.000000
8.520000	0.610000	0.030157	0.612731	0.609970	0.034093	0.612739	0.000000	0.000000	0.000000
8.530000	0.610000	0.029780	0.612731	0.609970	0.033698	0.612739	0.000000	0.000000	0.000000
8.540000	0.610000	0.029405	0.612731	0.609970	0.033305	0.612739	0.000000	0.000000	0.000000
8.550000	0.610000	0.029032	0.612731	0.609970	0.032913	0.612739	0.000000	0.000000	0.000000
8.560000	0.610000	0.028661	0.612731	0.609970	0.032523	0.612739	0.000000	0.000000	0.000000
8.570000	0.610000	0.028291	0.612731	0.609970	0.032135	0.612739	0.000000	0.000000	0.000000
8.580000	0.610000	0.027923	0.612731	0.609969	0.031749	0.612739	0.000000	0.000000	0.000000
8.590000	0.610000	0.027557	0.612731	0.609969	0.031364	0.612738	0.000000	0.000000	0.000000
8.600000	0.610000	0.027193	0.612731	0.609969	0.030981	0.612738	0.000000	0.000000	0.000000
8.610000	0.610000	0.026831	0.612731	0.609969	0.030600	0.612738	0.000000	0.000000	0.000000
8.620000	0.610000	0.026471	0.612731	0.609969	0.030220	0.612738	0.000000	0.000000	0.000000
8.630000	0.610000	0.026112	0.612731	0.609969	0.029842	0.612738	0.000000	0.000000	0.000000
8.640000	0.610000	0.025756	0.612731	0.609969	0.029466	0.612738	0.000000	0.000000	0.000000
8.650000	0.610000	0.025402	0.612731	0.609969	0.029092	0.612738	0.000000	0.000000	0.000000
8.660000	0.610000	0.025049	0.612731	0.609969	0.028720	0.612737	0.000000	0.000000	0.000000
8.670000	0.610000	0.024699	0.612731	0.609969	0.028349	0.612737	0.000000	0.000000	0.000000
8.680000	0.610000	0.024350	0.612731	0.609969	0.027980	0.612737	0.000000	0.000000	0.000000
8.690000	0.610000	0.024003	0.612731	0.609969	0.027614	0.612737	0.000000	0.000000	0.000000
8.700000	0.610000	0.023659	0.612731	0.609969	0.027249	0.612737	0.000000	0.000000	0.000000
8.710000	0.610000	0.023316	0.612731	0.609969	0.026886	0.612737	0.000000	0.000000	0.000000
8.720000	0.610000	0.022976	0.612731	0.609969	0.026524	0.612736	0.000000	0.000000	0.000000
8.730000	0.610000	0.022638	0.612731	0.609969	0.026165	0.612736	0.000000	0.000000	0.000000
8.740000	0.610000	0.022301	0.612731	0.609969	0.025808	0.612736	0.000000	0.000000	0.000000
8.750000	0.610000	0.021967	0.612731	0.609969	0.025452	0.612736	0.000000	0.000000	0.000000
8.760000	0.610000	0.021635	0.612731	0.609969	0.025099	0.612736	0.000000	0.000000	0.000000
8.770000	0.610000	0.021305	0.612731	0.609969	0.024747	0.612736	0.000000	0.000000	0.000000
8.780000	0.610000	0.020977	0.612731	0.609969	0.024398	0.612736	0.000000	0.000000	0.000000
8.790000	0.610000	0.020651	0.612731	0.609969	0.024050	0.612735	0.000000	0.000000	0.000000
8.800000	0.610000	0.020327	0.612731	0.609969	0.023705	0.612735	0.000000	0.000000	0.000000
8.810000	0.610000	0.020006	0.612731	0.609969	0.023361	0.612735	0.000000	0.000000	0.000000
8.820000	0.610000	0.019687	0.612731	0.609969	0.023020	0.612735	0.000000	0.000000	0.000000
8.830000	0.610000	0.019369	0.612731	0.609969	0.022681	0.612735	0.000000	0.000000	0.000000
8.840000	0.610000	0.019054	0.612731	0.609969	0.022343	0.612735	0.000000	0.000000	0.000000
8.850000	0.610000	0.018742	0.612731	0.609969	0.022008	0.612735	0.000000	0.000000	0.000000
8.860000	0.610000	0.018431	0.612731	0.609969	0.021675	0.612735	0.000000	0.000000	0.000000
8.870000	0.610000	0.018123	0.612731	0.609969	0.021344	0.612734	0.000000	0.000000	0.000000
8.880000	0.610000	0.017817	0.612731	0.609970	0.021015	0.612734	0.000000	0.000000	0.000000
8.890000	0.610000	0.017513	0.612731	0.609970	0.020688	0.612734	0.000000	0.000000	0.000000
8.900000	0.610000	0.017212	0.612731	0.609970	0.020364	0.612734	0.000000	0.000000	0.000000
8.910000	0.610000	0.016912	0.612731	0.609970	0.020041	0.612734	0.000000	0.000000	0.000000
8.920000	0.610000	0.016615	0.612731	0.609970	0.019721	0.612734	0.000000	0.000000	0.000000
8.930000	0.610000	0.016321	0.612731	0.609970	0.019403	0.612734	0.000000	0.000000	0.000000
8.940000	0.610000	0.016028	0.612731	0.609970	0.019087	0.612734	0.000000	0.000000	0.000000
8.950000	0.610000	0.015738	0.612731	0.609970	0.018773	0.612734	0.000000	0.000000	0.000000
8.960000	0.610000	0.015451	0.612731	0.609970	0.018461	0.612734	0.000000	0.000000	0.000000
8.970000	0.610000	0.015165	0.612731	0.609970	0.018152	0.612733	0.000000	0.000000	0.000000
8.980000	0.610000	0.014882	0.612731	0.609970	0.017845	0.612733	0.000000	0.000000	0.000000
8.990000	0.610000	0.014602	0.612731	0.609971	0.017540	0.612733	0.000000	0.000000	0.000000
9.000000	0.610000	0.014324	0.612731	0.609971	0.017238	0.612733	0.000000	0.000000	0.000000
9.010000	0.610000	0.014048	0.612731	0.609971	0.016938	0.612733	0.000000	0.000000	0.000000
9.020000	0.610000	0.013775	0.612731	0.609971	0.016640	0.612733	0.000000	0.000000	0.000000
9.030000	0.610000	0.013504	0.612731	0.609971	0.016344	0.612733	0.000000	0.000000	0.000000
9.040000	0.610000	0.013235	0.612731	0.609971	0.016051	0.612733	0.000000	0.000000	0.000000
9.050000	0.610000	0.012969	0.612731	0.609971	0.015760	0.612733	0.000000	0.000000	0.000000
9.060000	0.610000	0.012705	0.612731	0.609972	0.015471	0.612733	0.000000	0.000000	0.000000
9.070000	0.610000	0.012444	0.612731	0.609972	0.015185	0.612733	0.000000	0.000000	0.000000
9.080000	0.610000	0.012185	0.612731	0.609972	0.014901	0.612733	0.000000	0.000000	0.000000
9.090000	0.610000	0.011929	0.612731	0.609972	0.014619	0.612733	0.000000	0.000000	0.000000
9.100000	0.610000	0.011675	0.612731	0.609972	0.014340	0.612733	0.000000	0.000000	0.000000
9.110000	0.610000	0.011424	0.612731	0.609972	0.014064	0.612733	0.000000	0.000000	0.000000
9.120000	0.610000	0.011175	0.612731	0.609972	0.013789	0.612733	0.000000	0.000000	0.000000
9.130000	0.610000	0.010929	0.612731	0.609973	0.013517	0.612732	0.000000	0.000000	0.000000
9.140000	0.610000	0.010686	0.612731	0.609973	0.013248	0.612732	0.000000	0.000000	0.000000
9.150000	0.610000	0.010444	0.612731	0.609973	0.012981	0.612732	0.000000	0.000000	0.000000
9.160000	0.610000	0.010206	0.612731	0.609973	0.012716	0.612732	0.000000	0.000000	0.000000
9.170000	0.610000	0.009970	0.612731	0.609973	0.012454	0.612732	0.000000	0.000000	0.000000
9.180000	0.610000	0.009736	0.612731	0.609973	0.012194	0.612732	0.000000	0.000000	0.000000
9.190000	0.610000	0.009505	0.612731	0.609974	0.011937	0.612732	0.000000	0.000000	0.000000
9.200000	0.610000	0.009277	0.612731	0.609974	0.011682	0.612732	0.000000	0.000000	0.000000
9.210000	0.610000	0.009051	0.612731	0.609974	0.011430	0.612732	0.000000	0.000000	0.000000
9.220000	0.610000	0.008828	0.612731	0.609974	0.011180	0.612732	0.000000	0.000000	0.000000
9.230000	0.610000	0.008608	0.612731	0.609974	0.010933	0.612732	0.000000	0.000000	0.000000
9.240000	0.610000	0.008390	0.612731	0.609974	0.010688	0.612732	0.000000	0.000000	0.000000
9.250000	0.610000	0.008175	0.612731	0.609975	0.010446	0.612732	0.000000	0.000000	0.000000
9.260000	0.610000	0.007962	0.612731	0.609975	0.010207	0.612732	0.000000	0.000000	0.000000
9.270000	0.610000	0.007752	0.612731	0.609975	0.009969	0.612732	0.000000	0.000000	0.000000
9.280000	0.610000	0.007545	0.612731	0.609975	0.009735	0.612732	0.000000	0.000000	0.000000
9.290000	0.610000	0.007340	0.612731	0.609975	0.009503	0.612732	0.000000	0.000000	0.000000
9.300000	0.610000	0.007138	0.612731	0.609976	0.009274	0.612732	0.000000	0.000000	0.000000
9.310000	0.610000	0.006939	0.612731	0.609976	0.009047	0.612732	0.000000	0.000000	0.000000
9.320000	0.610000	0.006742	0.612731	0.609976	0.008823	0.612733	0.000000	0.000000	0.000000
9.330000	0.610000	0.006548	0.612731	0.609976	0.008602	0.612733	0.000000	0.000000	0.000000
9.340000	0.610000	0.006357	0.612731	0.609976	0.008383	0.612733	0.000000	0.000000	0.000000
9.350000	0.610000	0.006168	0.612731	0.609977	0.008166	0.612733	0.000000	0.000000	0.000000
9.360000	0.610000	0.005983	0.612731	0.609977	0.007953	0.612733	0.000000	0.000000	0.000000
9.370000	0.610000	0.005800	0.612731	0.609977	0.007742	0.612733	0.000000	0.000000	0.000000
9.380000	0.610000	0.005619	0.612731	0.609977	0.007534	0.612733	0.000000	0.000000	0.000000
9.390000	0.610000	0.005442	0.612731	0.609977	0.007328	0.612733	0.000000	0.000000	0.000000
9.400000	0.610000	0.005267	0.612731	0.609977	0.007125	0.612733	0.000000	0.000000	0.000000
9.410000	0.610000	0.005095	0.612731	0.609978	0.006925	0.612733	0.000000	0.000000	0.000000
9.420000	0.610000	0.004925	0.612731	0.609978	0.006727	0.612733	0.000000	0.000000	0.000000
9.430000	0.610000	0.004759	0.612731	0.609978	0.006532	0.612733	0.000000	0.000000	0.000000
9.440000	0.610000	0.004595	0.612731	0.609978	0.006340	0.612733	0.000000	0.000000	0.000000
9.450000	0.610000	0.004434	0.612731	0.609978	0.006151	0.612733	0.000000	0.000000	0.000000
9.460000	0.610000	0.004276	0.612731	0.609979	0.005964	0.612733	0.000000	0.000000	0.000000
9.470000	0.610000	0.004120	0.612731	0.609979	0.005780	0.612734	0.000000	0.000000	0.000000
9.480000	0.610000	0.003968	0.612731	0.609979	0.005598	0.612734	0.000000	0.000000	0.000000
9.490000	0.610000	0.003818	0.612731	0.609979	0.005420	0.612734	0.000000	0.000000	0.000000
9.500000	0.610000	0.003671	0.612731	0.609979	0.005244	0.612734	0.000000	0.000000	0.000000
9.510000	0.610000	0.003527	0.612731	0.609980	0.005071	0.612734	0.000000	0.000000	0.000000
9.520000	0.610000	0.003385	0.612731	0.609980	0.004901	0.612734	0.000000	0.000000	0.000000
9.530000	0.610000	0.003247	0.612731	0.609980	0.004733	0.612734	0.000000	0.000000	0.000000
9.540000	0.610000	0.003111	0.612731	0.609980	0.004568	0.612734	0.000000	0.000000	0.000000
9.550000	0.610000	0.002978	0.612731	0.609980	0.004406	0.612734	0.000000	0.000000	0.000000
9.560000	0.610000	0.002848	0.612731	0.609981	0.004247	0.612735	0.000000	0.000000	0.000000
9.570000	0.610000	0.002721	0.612731	0.609981	0.004091	0.612735	0.000000	0.000000	0.000000
9.580000	0.610000	0.002596	0.612731	0.609981	0.003937	0.612735	0.000000	0.000000	0.000000
9.590000	0.610000	0.002475	0.612731	0.609981	0.003786	0.612735	0.000000	0.000000	0.000000
9.600000	0.610000	0.002356	0.612731	0.609981	0.003639	0.612735	0.000000	0.000000	0.000000
9.610000	0.610000	0.002241	0.612731	0.609982	0.003493	0.612735	0.000000	0.000000	0.000000
9.620000	0.610000	0.002128	0.612731	0.609982	0.003351	0.612735	0.000000	0.000000	0.000000
9.630000	0.610000	0.002018	0.612731	0.609982	0.003212	0.612736	0.000000	0.000000	0.000000
9.640000	0.610000	0.001910	0.612731	0.609982	0.003075	0.612736	0.000000	0.000000	0.000000
9.650000	0.610000	0.001806	0.612731	0.609982	0.002941	0.612736	0.000000	0.000000	0.000000
9.660000	0.610000	0.001705	0.612731	0.609982	0.002810	0.612736	0.000000	0.000000	0.000000
9.670000	0.610000	0.001606	0.612731	0.609983	0.002682	0.612736	0.000000	0.000000	0.000000
9.680000	0.610000	0.001511	0.612731	0.609983	0.002557	0.612736	0.000000	0.000000	0.000000
9.690000	0.610000	0.001418	0.612731	0.609983	0.002434	0.612737	0.000000	0.000000	0.000000
9.700000	0.610000	0.001328	0.612731	0.609983	0.002315	0.612737	0.000000	0.000000	0.000000
9.710000	0.610000	0.001242	0.612731	0.609983	0.002198	0.612737	0.000000	0.000000	0.000000
9.720000	0.610000	0.001158	0.612731	0.609984	0.002084	0.612737	0.000000	0.000000	0.000000
9.730000	0.610000	0.001077	0.612731	0.609984	0.001973	0.612737	0.000000	0.000000	0.000000
9.740000	0.610000	0.000999	0.612731	0.609984	0.001865	0.612738	0.000000	0.000000	0.000000
9.750000	0.610000	0.000923	0.612731	0.609984	0.001760	0.612738	0.000000	0.000000	0.000000
9.760000	0.610000	0.000851	0.612731	0.609984	0.001658	0.612738	0.000000	0.000000	0.000000
9.770000	0.610000	0.000782	0.612731	0.609984	0.001558	0.612738	0.000000	0.000000	0.000000
9.780000	0.610000	0.000715	0.612731	0.609985	0.001462	0.612738	0.000000	0.000000	0.000000
9.790000	0.610000	0.000652	0.612731	0.609985	0.001368	0.612739	0.000000	0.000000	0.000000
9.800000	0.610000	0.000591	0.612731	0.609985	0.001278	0.612739	0.000000	0.000000	0.000000
9.810000	0.610000	0.000534	0.612731	0.609985	0.001190	0.612739	0.000000	0.000000	0.000000
9.820000	0.610000	0.000479	0.612731	0.609985	0.001105	0.612739	0.000000	0.000000	0.000000
9.830000	0.610000	0.000427	0.612731	0.609985	0.001023	0.612740	0.000000	0.000000	0.000000
9.840000	0.610000	0.000379	0.612731	0.609985	0.000944	0.612740	0.000000	0.000000	0.000000
9.850000	0.610000	0.000333	0.612731	0.609986	0.000868	0.612740	0.000000	0.000000	0.000000
9.860000	0.610000	0.000290	0.612731	0.609986	0.000795	0.612740	0.000000	0.000000	0.000000
9.870000	0.610000	0.000250	0.612731	0.609986	0.000725	0.612741	0.000000	0.000000	0.000000
9.880000	0.610000	0.000213	0.612731	0.609986	0.000657	0.612741	0.000000	0.000000	0.000000
9.890000	0.610000	0.000179	0.612731	0.609986	0.000593	0.612741	0.000000	0.000000	0.000000
9.900000	0.610000	0.000148	0.612731	0.609986	0.000531	0.612741	0.000000	0.000000	0.000000
9.910000	0.610000	0.000120	0.612731	0.609986	0.000473	0.612742	0.000000	0.000000	0.000000
9.920000	0.610000	0.000095	0.612731	0.609986	0.000417	0.612742	0.000000	0.000000	0.000000
9.930000	0.610000	0.000073	0.612731	0.609987	0.000365	0.612742	0.000000	0.000000	0.000000
9.940000	0.610000	0.000053	0.612731	0.609987	0.000315	0.612742	0.000000	0.000000	0.000000
9.950000	0.610000	0.000037	0.612731	0.609987	0.000268	0.612743	0.000000	0.000000	0.000000
9.960000	0.610000	0.000024	0.612731	0.609987	0.000225	0.612743	0.000000	0.000000	0.000000
9.970000	0.610000	0.000013	0.612731	0.609987	0.000184	0.612743	0.000000	0.000000	0.000000
9.980000	0.610000	0.000006	0.612731	0.609987	0.000146	0.612744	0.000000	0.000000	0.000000
9.990000	0.610000	0.000001	0.612731	0.609987	0.000111	0.612744	0.000000	0.000000	0.000000
10.000000	0.610000	0.000000	0.612731	0.609987	0.000079	0.612744	0.000000	0.000000	0.000000
