Time [s]	Pos_0_x [m]	Pos_0_y [m]	Pos_0_z [m]	Pos_x [m]	Pos_y [m]	Pos_z [m]	Force_x [N]	Force_y [N]	Force_z [N]
0.000000	0.610000	0.001004	0.612731	0.610000	0.000000	0.612731	0.000000	0.000000	0.036811
0.010000	0.610000	0.001024	0.612731	0.610000	0.000098	0.612737	0.000000	0.000000	0.038302
0.020000	0.610000	0.001045	0.612731	0.610000	0.000167	0.612741	0.000000	0.000000	0.039854
0.030000	0.610000	0.001066	0.612731	0.610000	0.000238	0.612746	0.000000	0.000000	0.041469
0.040000	0.610000	0.001087	0.612731	0.610001	0.000305	0.612752	0.000000	0.000000	0.043148
0.050000	0.610000	0.001109	0.612731	0.610001	0.000370	0.612757	0.000000	0.000000	0.044894
0.060000	0.610000	0.001131	0.612731	0.610001	0.000431	0.612762	0.000000	0.000000	0.046711
0.070000	0.610000	0.001154	0.612731	0.610001	0.000490	0.612768	0.000000	0.000000	0.048600
0.080000	0.610000	0.001177	0.612731	0.610001	0.000546	0.612773	0.000000	0.000000	0.050565
0.090000	0.610000	0.001200	0.612731	0.610001	0.000600	0.612779	0.000000	0.000000	0.052609
0.100000	0.610000	0.001224	0.612731	0.610002	0.000652	0.612785	0.000000	0.000000	0.054735
0.110000	0.610000	0.001249	0.612731	0.610002	0.000703	0.612791	0.000000	0.000000	0.056946
0.120000	0.610000	0.001274	0.612731	0.610002	0.000751	0.612797	0.000000	0.000000	0.059245
0.130000	0.610000	0.001299	0.612731	0.610002	0.000798	0.612803	0.000000	0.000000	0.061635
0.140000	0.610000	0.001325	0.612731	0.610002	0.000843	0.612809	0.000000	0.000000	0.064121
0.150000	0.610000	0.001352	0.612731	0.610002	0.000887	0.612815	0.000000	0.000000	0.066706
0.160000	0.610000	0.001379	0.612731	0.610002	0.000929	0.612822	0.000000	0.000000	0.069394
0.170000	0.610000	0.001407	0.612731	0.610002	0.000971	0.612828	0.000000	0.000000	0.072189
0.180000	0.610000	0.001435	0.612731	0.610002	0.001011	0.612835	0.000000	0.000000	0.075095
0.190000	0.610000	0.001463	0.612731	0.610002	0.001051	0.612841	0.000000	0.000000	0.078116
0.200000	0.610000	0.001493	0.612731	0.610002	0.001090	0.612848	0.000000	0.000000	0.081257
0.210000	0.610000	0.001523	0.612731	0.610002	0.001128	0.612855	0.000000	0.000000	0.084522
0.220000	0.610000	0.001553	0.612731	0.610003	0.001165	0.612862	0.000000	0.000000	0.087917
0.230000	0.610000	0.001584	0.612731	0.610003	0.001202	0.612869	0.000000	0.000000	0.091445
0.240000	0.610000	0.001616	0.612731	0.610003	0.001238	0.612876	0.000000	0.000000	0.095112
0.250000	0.610000	0.001648	0.612731	0.610003	0.001275	0.612884	0.000000	0.000000	0.098924
0.260000	0.610000	0.001681	0.612731	0.610003	0.001310	0.612891	0.000000	0.000000	0.102886
0.270000	0.610000	0.001715	0.612731	0.610003	0.001346	0.612899	0.000000	0.000000	0.107003
0.280000	0.610000	0.001749	0.612731	0.610003	0.001382	0.612907	0.000000	0.000000	0.111281
0.290000	0.610000	0.001784	0.612731	0.610003	0.001417	0.612915	0.000000	0.000000	0.115727
0.300000	0.610000	0.001819	0.612731	0.610003	0.001452	0.612923	0.000000	0.000000	0.120347
0.310000	0.610000	0.001856	0.612731	0.610003	0.001488	0.612932	0.000000	0.000000	0.125147
0.320000	0.610000	0.001893	0.612731	0.610003	0.001523	0.612941	0.000000	0.000000	0.130133
0.330000	0.610000	0.001930	0.612731	0.610003	0.001559	0.612950	0.000000	0.000000	0.135313
0.340000	0.610000	0.001969	0.612731	0.610003	0.001594	0.612959	0.000000	0.000000	0.140694
0.350000	0.610000	0.002008	0.612731	0.610003	0.001630	0.612969	0.000000	0.000000	0.146283
0.360000	0.610000	0.002048	0.612731	0.610003	0.001667	0.612979	0.000000	0.000000	0.152088
0.370000	0.610000	0.002089	0.612731	0.610004	0.001703	0.612989	0.000000	0.000000	0.158117
0.380000	0.610000	0.002130	0.612731	0.610004	0.001740	0.613000	0.000000	0.000000	0.164377
0.390000	0.610000	0.002173	0.612731	0.610004	0.001778	0.613011	0.000000	0.000000	0.170877
0.400000	0.610000	0.002216	0.612731	0.610004	0.001815	0.613022	0.000000	0.000000	0.177625
0.410000	0.610000	0.002260	0.612731	0.610004	0.001854	0.613034	0.000000	0.000000	0.184631
0.420000	0.610000	0.002305	0.612731	0.610004	0.001892	0.613046	0.000000	0.000000	0.191903
0.430000	0.610000	0.002351	0.612731	0.610004	0.001932	0.613058	0.000000	0.000000	0.199450
0.440000	0.610000	0.002398	0.612731	0.610004	0.001971	0.613071	0.000000	0.000000	0.207283
0.450000	0.610000	0.002445	0.612731	0.610005	0.002012	0.613085	0.000000	0.000000	0.215411
0.460000	0.610000	0.002494	0.612731	0.610005	0.002053	0.613099	0.000000	0.000000	0.223845
0.470000	0.610000	0.002543	0.612731	0.610005	0.002095	0.613113	0.000000	0.000000	0.232594
0.480000	0.610000	0.002594	0.612731	0.610005	0.002137	0.613128	0.000000	0.000000	0.241669
0.490000	0.610000	0.002645	0.612731	0.610005	0.002180	0.613144	0.000000	0.000000	0.251081
0.500000	0.610000	0.002698	0.612731	0.610005	0.002224	0.613160	0.000000	0.000000	0.260842
0.510000	0.610000	0.002751	0.612731	0.610006	0.002269	0.613177	0.000000	0.000000	0.270963
0.520000	0.610000	0.002806	0.612731	0.610006	0.002314	0.613194	0.000000	0.000000	0.281455
0.530000	0.610000	0.002862	0.612731	0.610006	0.002360	0.613212	0.000000	0.000000	0.292331
0.540000	0.610000	0.002918	0.612731	0.610006	0.002407	0.613231	0.000000	0.000000	0.303603
0.550000	0.610000	0.002976	0.612731	0.610006	0.002455	0.613250	0.000000	0.000000	0.315283
0.560000	0.610000	0.003035	0.612731	0.610007	0.002504	0.613270	0.000000	0.000000	0.327384
0.570000	0.610000	0.003095	0.612731	0.610007	0.002554	0.613291	0.000000	0.000000	0.339919
0.580000	0.610000	0.003156	0.612731	0.610007	0.002604	0.613313	0.000000	0.000000	0.352901
0.590000	0.610000	0.003219	0.612731	0.610007	0.002656	0.613335	0.000000	0.000000	0.366344
0.600000	0.610000	0.003282	0.612731	0.610008	0.002708	0.613359	0.000000	0.000000	0.380261
0.610000	0.610000	0.003347	0.612731	0.610008	0.002762	0.613383	0.000000	0.000000	0.394666
0.620000	0.610000	0.003413	0.612731	0.610008	0.002817	0.613408	0.000000	0.000000	0.409574
0.630000	0.610000	0.003480	0.612731	0.610009	0.002872	0.613434	0.000000	0.000000	0.424997
0.640000	0.610000	0.003549	0.612731	0.610009	0.002929	0.613461	0.000000	0.000000	0.440951
0.650000	0.610000	0.003619	0.612731	0.610009	0.002987	0.613489	0.000000	0.000000	0.457450
0.660000	0.610000	0.003690	0.612731	0.610010	0.003045	0.613518	0.000000	0.000000	0.474508
0.670000	0.610000	0.003763	0.612731	0.610010	0.003106	0.613548	0.000000	0.000000	0.492140
0.680000	0.610000	0.003837	0.612731	0.610010	0.003167	0.613580	0.000000	0.000000	0.510361
0.690000	0.610000	0.003913	0.612731	0.610011	0.003229	0.613612	0.000000	0.000000	0.529185
0.700000	0.610000	0.003990	0.612731	0.610011	0.003293	0.613645	0.000000	0.000000	0.548628
0.710000	0.610000	0.004068	0.612731	0.610012	0.003357	0.613680	0.000000	0.000000	0.568702
0.720000	0.610000	0.004148	0.612731	0.610012	0.003423	0.613716	0.000000	0.000000	0.589424
0.730000	0.610000	0.004229	0.612731	0.610012	0.003491	0.613753	0.000000	0.000000	0.610808
0.740000	0.610000	0.004312	0.612731	0.610013	0.003559	0.613791	0.000000	0.000000	0.632867
0.750000	0.610000	0.004397	0.612731	0.610013	0.003629	0.613831	0.000000	0.000000	0.655616
0.760000	0.610000	0.004483	0.612731	0.610014	0.003701	0.613872	0.000000	0.000000	0.679069
0.770000	0.610000	0.004571	0.612731	0.610014	0.003773	0.613915	0.000000	0.000000	0.703239
0.780000	0.610000	0.004660	0.612731	0.610015	0.003847	0.613959	0.000000	0.000000	0.728139
0.790000	0.610000	0.004751	0.612731	0.610015	0.003923	0.614004	0.000000	0.000000	0.753782
0.800000	0.610000	0.004844	0.612731	0.610016	0.004000	0.614051	0.000000	0.000000	0.780181
0.810000	0.610000	0.004939	0.612731	0.610016	0.004078	0.614100	0.000000	0.000000	0.807347
0.820000	0.610000	0.005035	0.612731	0.610017	0.004158	0.614150	0.000000	0.000000	0.835291
0.830000	0.610000	0.005134	0.612731	0.610018	0.004239	0.614201	0.000000	0.000000	0.864025
0.840000	0.610000	0.005234	0.612731	0.610018	0.004322	0.614255	0.000000	0.000000	0.893558
0.850000	0.610000	0.005336	0.612731	0.610019	0.004407	0.614310	0.000000	0.000000	0.923899
0.860000	0.610000	0.005440	0.612731	0.610019	0.004493	0.614366	0.000000	0.000000	0.955057
0.870000	0.610000	0.005545	0.612731	0.610020	0.004581	0.614425	0.000000	0.000000	0.987038
0.880000	0.610000	0.005653	0.612731	0.610021	0.004670	0.614485	0.000000	0.000000	1.019851
0.890000	0.610000	0.005763	0.612731	0.610021	0.004762	0.614548	0.000000	0.000000	1.053499
0.900000	0.610000	0.005875	0.612731	0.610022	0.004854	0.614612	0.000000	0.000000	1.087989
0.910000	0.610000	0.005989	0.612731	0.610023	0.004949	0.614678	0.000000	0.000000	1.123322
0.920000	0.610000	0.006105	0.612731	0.610023	0.005046	0.614746	0.000000	0.000000	1.159501
0.930000	0.610000	0.006223	0.612731	0.610024	0.005144	0.614815	0.000000	0.000000	1.196526
0.940000	0.610000	0.006343	0.612731	0.610025	0.005244	0.614887	0.000000	0.000000	1.234398
0.950000	0.610000	0.006466	0.612731	0.610026	0.005346	0.614961	0.000000	0.000000	1.273114
0.960000	0.610000	0.006591	0.612731	0.610026	0.005450	0.615037	0.000000	0.000000	1.312670
0.970000	0.610000	0.006718	0.612731	0.610027	0.005556	0.615115	0.000000	0.000000	1.353062
0.980000	0.610000	0.006848	0.612731	0.610028	0.005663	0.615195	0.000000	0.000000	1.394283
0.990000	0.610000	0.006980	0.612731	0.610029	0.005773	0.615277	0.000000	0.000000	1.436325
1.000000	0.610000	0.007114	0.612731	0.610029	0.005885	0.615361	0.000000	0.000000	1.479178
1.010000	0.610000	0.007251	0.612731	0.610030	0.005999	0.615448	0.000000	0.000000	1.522830
1.020000	0.610000	0.007390	0.612731	0.610031	0.006115	0.615536	0.000000	0.000000	1.567268
1.030000	0.610000	0.007532	0.612731	0.610032	0.006233	0.615627	0.000000	0.000000	1.612478
1.040000	0.610000	0.007676	0.612731	0.610033	0.006354	0.615720	0.000000	0.000000	1.658441
1.050000	0.610000	0.007823	0.612731	0.610033	0.006476	0.615815	0.000000	0.000000	1.705140
1.060000	0.610000	0.007973	0.612731	0.610034	0.006601	0.615912	0.000000	0.000000	1.752554
1.070000	0.610000	0.008125	0.612731	0.610035	0.006728	0.616012	0.000000	0.000000	1.800661
1.080000	0.610000	0.008280	0.612731	0.610036	0.006857	0.616113	0.000000	0.000000	1.849437
1.090000	0.610000	0.008438	0.612731	0.610036	0.006989	0.616217	0.000000	0.000000	1.898856
1.100000	0.610000	0.008599	0.612731	0.610037	0.007123	0.616322	0.000000	0.000000	1.948890
1.110000	0.610000	0.008762	0.612731	0.610038	0.007260	0.616430	0.000000	0.000000	1.999511
1.120000	0.610000	0.008929	0.612731	0.610039	0.007399	0.616540	0.000000	0.000000	2.050687
1.130000	0.610000	0.009098	0.612731	0.610039	0.007541	0.616652	0.000000	0.000000	2.102387
1.140000	0.610000	0.009271	0.612731	0.610040	0.007685	0.616766	0.000000	0.000000	2.154575
1.150000	0.610000	0.009446	0.612731	0.610041	0.007831	0.616882	0.000000	0.000000	2.207218
1.160000	0.610000	0.009625	0.612731	0.610042	0.007981	0.617000	0.000000	0.000000	2.260278
1.170000	0.610000	0.009806	0.612731	0.610042	0.008133	0.617120	0.000000	0.000000	2.313717
1.180000	0.610000	0.009991	0.612731	0.610043	0.008287	0.617241	0.000000	0.000000	2.367496
1.190000	0.610000	0.010179	0.612731	0.610043	0.008445	0.617365	0.000000	0.000000	2.421575
1.200000	0.610000	0.010371	0.612731	0.610044	0.008605	0.617490	0.000000	0.000000	2.475913
1.210000	0.610000	0.010566	0.612731	0.610045	0.008768	0.617617	0.000000	0.000000	2.530468
1.220000	0.610000	0.010764	0.612731	0.610045	0.008934	0.617745	0.000000	0.000000	2.585198
1.230000	0.610000	0.010965	0.612731	0.610046	0.009103	0.617875	0.000000	0.000000	2.640059
1.240000	0.610000	0.011170	0.612731	0.610046	0.009275	0.618007	0.000000	0.000000	2.695007
1.250000	0.610000	0.011379	0.612731	0.610046	0.009450	0.618139	0.000000	0.000000	2.750000
1.260000	0.610000	0.011591	0.612731	0.610047	0.009627	0.618273	0.000000	0.000000	2.804993
1.270000	0.610000	0.011807	0.612731	0.610047	0.009808	0.618408	0.000000	0.000000	2.859941
1.280000	0.610000	0.012026	0.612731	0.610047	0.009993	0.618545	0.000000	0.000000	2.914802
1.290000	0.610000	0.012249	0.612731	0.610048	0.010180	0.618682	0.000000	0.000000	2.969532
1.300000	0.610000	0.012476	0.612731	0.610048	0.010370	0.618820	0.000000	0.000000	3.024087
1.310000	0.610000	0.012707	0.612731	0.610048	0.010564	0.618959	0.000000	0.000000	3.078425
1.320000	0.610000	0.012941	0.612731	0.610048	0.010761	0.619099	0.000000	0.000000	3.132504
1.330000	0.610000	0.013180	0.612731	0.610048	0.010962	0.619239	0.000000	0.000000	3.186283
1.340000	0.610000	0.013422	0.612731	0.610048	0.011166	0.619380	0.000000	0.000000	3.239722
1.350000	0.610000	0.013668	0.612731	0.610048	0.011374	0.619521	0.000000	0.000000	3.292782
1.360000	0.610000	0.013919	0.612731	0.610047	0.011584	0.619662	0.000000	0.000000	3.345425
1.370000	0.610000	0.014174	0.612731	0.610047	0.011799	0.619804	0.000000	0.000000	3.397613
1.380000	0.610000	0.014432	0.612731	0.610047	0.012017	0.619945	0.000000	0.000000	3.449313
1.390000	0.610000	0.014695	0.612731	0.610046	0.012239	0.620087	0.000000	0.000000	3.500489
1.400000	0.610000	0.014963	0.612731	0.610046	0.012465	0.620228	0.000000	0.000000	3.551110
1.410000	0.610000	0.015234	0.612731	0.610045	0.012694	0.620369	0.000000	0.000000	3.601144
1.420000	0.610000	0.015510	0.612731	0.610045	0.012927	0.620510	0.000000	0.000000	3.650563
1.430000	0.610000	0.015790	0.612731	0.610044	0.013164	0.620650	0.000000	0.000000	3.699339
1.440000	0.610000	0.016075	0.612731	0.610043	0.013405	0.620789	0.000000	0.000000	3.747446
1.450000	0.610000	0.016365	0.612731	0.610042	0.013650	0.620927	0.000000	0.000000	3.794860
1.460000	0.610000	0.016658	0.612731	0.610041	0.013899	0.621065	0.000000	0.000000	3.841559
1.470000	0.610000	0.016957	0.612731	0.610040	0.014152	0.621202	0.000000	0.000000	3.887522
1.480000	0.610000	0.017260	0.612731	0.610039	0.014409	0.621337	0.000000	0.000000	3.932732
1.490000	0.610000	0.017568	0.612731	0.610038	0.014671	0.621472	0.000000	0.000000	3.977170
1.500000	0.610000	0.017880	0.612731	0.610037	0.014936	0.621605	0.000000	0.000000	4.020822
1.510000	0.610000	0.018198	0.612731	0.610035	0.015206	0.621737	0.000000	0.000000	4.063675
1.520000	0.610000	0.018520	0.612731	0.610034	0.015480	0.621867	0.000000	0.000000	4.105717
1.530000	0.610000	0.018847	0.612731	0.610033	0.015759	0.621996	0.000000	0.000000	4.146938
1.540000	0.610000	0.019179	0.612731	0.610031	0.016042	0.622123	0.000000	0.000000	4.187330
1.550000	0.610000	0.019516	0.612731	0.610029	0.016329	0.622248	0.000000	0.000000	4.226886
1.560000	0.610000	0.019858	0.612731	0.610028	0.016621	0.622372	0.000000	0.000000	4.265602
1.570000	0.610000	0.020205	0.612731	0.610026	0.016918	0.622493	0.000000	0.000000	4.303474
1.580000	0.610000	0.020558	0.612731	0.610024	0.017219	0.622613	0.000000	0.000000	4.340499
1.590000	0.610000	0.020915	0.612731	0.610022	0.017525	0.622731	0.000000	0.000000	4.376678
1.600000	0.610000	0.021278	0.612731	0.610020	0.017836	0.622847	0.000000	0.000000	4.412011
1.610000	0.610000	0.021645	0.612731	0.610018	0.018151	0.622961	0.000000	0.000000	4.446501
1.620000	0.610000	0.022019	0.612731	0.610016	0.018471	0.623072	0.000000	0.000000	4.480149
1.630000	0.610000	0.022397	0.612731	0.610014	0.018797	0.623182	0.000000	0.000000	4.512962
1.640000	0.610000	0.022781	0.612731	0.610012	0.019127	0.623289	0.000000	0.000000	4.544943
1.650000	0.610000	0.023170	0.612731	0.610010	0.019462	0.623394	0.000000	0.000000	4.576101
1.660000	0.610000	0.023564	0.612731	0.610007	0.019802	0.623497	0.000000	0.000000	4.606442
1.670000	0.610000	0.023964	0.612731	0.610005	0.020147	0.623597	0.000000	0.000000	4.635975
1.680000	0.610000	0.024370	0.612731	0.610003	0.020497	0.623696	0.000000	0.000000	4.664709
1.690000	0.610000	0.024781	0.612731	0.610000	0.020853	0.623792	0.000000	0.000000	4.692653
1.700000	0.610000	0.025197	0.612731	0.609998	0.021213	0.623885	0.000000	0.000000	4.719819
1.710000	0.610000	0.025619	0.612731	0.609996	0.021579	0.623977	0.000000	0.000000	4.746218
1.720000	0.610000	0.026047	0.612731	0.609993	0.021950	0.624066	0.000000	0.000000	4.771861
1.730000	0.610000	0.026480	0.612731	0.609991	0.022326	0.624153	0.000000	0.000000	4.796761
1.740000	0.610000	0.026919	0.612731	0.609988	0.022708	0.624237	0.000000	0.000000	4.820931
1.750000	0.610000	0.027364	0.612731	0.609986	0.023095	0.624319	0.000000	0.000000	4.844384
1.760000	0.610000	0.027814	0.612731	0.609983	0.023487	0.624399	0.000000	0.000000	4.867133
1.770000	0.610000	0.028270	0.612731	0.609980	0.023885	0.624477	0.000000	0.000000	4.889192
1.780000	0.610000	0.028732	0.612731	0.609978	0.024288	0.624553	0.000000	0.000000	4.910576
1.790000	0.610000	0.029199	0.612731	0.609975	0.024697	0.624626	0.000000	0.000000	4.931298
1.800000	0.610000	0.029672	0.612731	0.609973	0.025111	0.624697	0.000000	0.000000	4.951372
1.810000	0.610000	0.030151	0.612731	0.609970	0.025531	0.624766	0.000000	0.000000	4.970815
1.820000	0.610000	0.030636	0.612731	0.609967	0.025956	0.624833	0.000000	0.000000	4.989639
1.830000	0.610000	0.031127	0.612731	0.609965	0.026388	0.624898	0.000000	0.000000	5.007860
1.840000	0.610000	0.031623	0.612731	0.609962	0.026824	0.624961	0.000000	0.000000	5.025492
1.850000	0.610000	0.032125	0.612731	0.609959	0.027267	0.625022	0.000000	0.000000	5.042550
1.860000	0.610000	0.032633	0.612731	0.609957	0.027714	0.625081	0.000000	0.000000	5.059049
1.870000	0.610000	0.033146	0.612731	0.609954	0.028168	0.625138	0.000000	0.000000	5.075003
1.880000	0.610000	0.033665	0.612731	0.609951	0.028627	0.625194	0.000000	0.000000	5.090426
1.890000	0.610000	0.034190	0.612731	0.609949	0.029092	0.625247	0.000000	0.000000	5.105334
1.900000	0.610000	0.034721	0.612731	0.609946	0.029563	0.625299	0.000000	0.000000	5.119739
1.910000	0.610000	0.035258	0.612731	0.609944	0.030039	0.625349	0.000000	0.000000	5.133656
1.920000	0.610000	0.035800	0.612731	0.609941	0.030521	0.625397	0.000000	0.000000	5.147099
1.930000	0.610000	0.036348	0.612731	0.609938	0.031009	0.625444	0.000000	0.000000	5.160081
1.940000	0.610000	0.036902	0.612731	0.609936	0.031503	0.625489	0.000000	0.000000	5.172616
1.950000	0.610000	0.037461	0.612731	0.609933	0.032002	0.625533	0.000000	0.000000	5.184717
1.960000	0.610000	0.038026	0.612731	0.609931	0.032507	0.625575	0.000000	0.000000	5.196397
1.970000	0.610000	0.038596	0.612731	0.609928	0.033018	0.625615	0.000000	0.000000	5.207669
1.980000	0.610000	0.039172	0.612731	0.609925	0.033534	0.625654	0.000000	0.000000	5.218545
1.990000	0.610000	0.039754	0.612731	0.609923	0.034056	0.625692	0.000000	0.000000	5.229037
2.000000	0.610000	0.040341	0.612731	0.609920	0.034584	0.625729	0.000000	0.000000	5.239158
2.010000	0.610000	0.040934	0.612731	0.609918	0.035118	0.625764	0.000000	0.000000	5.248919
2.020000	0.610000	0.041532	0.612731	0.609915	0.035657	0.625798	0.000000	0.000000	5.258331
2.030000	0.610000	0.042135	0.612731	0.609913	0.036202	0.625831	0.000000	0.000000	5.267406
2.040000	0.610000	0.042744	0.612731	0.609910	0.036752	0.625862	0.000000	0.000000	5.276155
2.050000	0.610000	0.043358	0.612731	0.609908	0.037308	0.625893	0.000000	0.000000	5.284589
2.060000	0.610000	0.043977	0.612731	0.609906	0.037869	0.625922	0.000000	0.000000	5.292717
2.070000	0.610000	0.044601	0.612731	0.609903	0.038437	0.625950	0.000000	0.000000	5.300550
2.080000	0.610000	0.045230	0.612731	0.609901	0.039009	0.625977	0.000000	0.000000	5.308097
2.090000	0.610000	0.045865	0.612731	0.609898	0.039588	0.626004	0.000000	0.000000	5.315369
2.100000	0.610000	0.046504	0.612731	0.609896	0.040171	0.626029	0.000000	0.000000	5.322375
2.110000	0.610000	0.047148	0.612731	0.609893	0.040760	0.626053	0.000000	0.000000	5.329123
2.120000	0.610000	0.047797	0.612731	0.609891	0.041354	0.626077	0.000000	0.000000	5.335623
2.130000	0.610000	0.048451	0.612731	0.609889	0.041954	0.626099	0.000000	0.000000	5.341883
2.140000	0.610000	0.049109	0.612731	0.609886	0.042559	0.626121	0.000000	0.000000	5.347912
2.150000	0.610000	0.049772	0.612731	0.609884	0.043169	0.626142	0.000000	0.000000	5.353717
2.160000	0.610000	0.050439	0.612731	0.609882	0.043784	0.626162	0.000000	0.000000	5.359306
2.170000	0.610000	0.051111	0.612731	0.609879	0.044405	0.626182	0.000000	0.000000	5.364687
2.180000	0.610000	0.051787	0.612731	0.609877	0.045030	0.626200	0.000000	0.000000	5.369867
2.190000	0.610000	0.052467	0.612731	0.609875	0.045660	0.626218	0.000000	0.000000	5.374853
2.200000	0.610000	0.053152	0.612731	0.609872	0.046295	0.626235	0.000000	0.000000	5.379653
2.210000	0.610000	0.053840	0.612731	0.609870	0.046936	0.626252	0.000000	0.000000	5.384273
2.220000	0.610000	0.054532	0.612731	0.609868	0.047580	0.626268	0.000000	0.000000	5.388719
2.230000	0.610000	0.055228	0.612731	0.609866	0.048230	0.626283	0.000000	0.000000	5.392997
2.240000	0.610000	0.055928	0.612731	0.609863	0.048884	0.626298	0.000000	0.000000	5.397114
2.250000	0.610000	0.056631	0.612731	0.609861	0.049543	0.626312	0.000000	0.000000	5.401076
2.260000	0.610000	0.057338	0.612731	0.609859	0.050206	0.626325	0.000000	0.000000	5.404888
2.270000	0.610000	0.058048	0.612731	0.609856	0.050874	0.626338	0.000000	0.000000	5.408555
2.280000	0.610000	0.058761	0.612731	0.609854	0.051545	0.626351	0.000000	0.000000	5.412083
2.290000	0.610000	0.059478	0.612731	0.609852	0.052222	0.626363	0.000000	0.000000	5.415478
2.300000	0.610000	0.060197	0.612731	0.609850	0.052902	0.626374	0.000000	0.000000	5.418743
2.310000	0.610000	0.060919	0.612731	0.609848	0.053586	0.626385	0.000000	0.000000	5.421884
2.320000	0.610000	0.061644	0.612731	0.609845	0.054274	0.626395	0.000000	0.000000	5.424905
2.330000	0.610000	0.062371	0.612731	0.609843	0.054966	0.626405	0.000000	0.000000	5.427811
2.340000	0.610000	0.063101	0.612731	0.609841	0.055661	0.626415	0.000000	0.000000	5.430606
2.350000	0.610000	0.063834	0.612731	0.609839	0.056361	0.626424	0.000000	0.000000	5.433294
2.360000	0.610000	0.064568	0.612731	0.609837	0.057063	0.626432	0.000000	0.000000	5.435879
2.370000	0.610000	0.065305	0.612731	0.609835	0.057769	0.626440	0.000000	0.000000	5.438365
2.380000	0.610000	0.066043	0.612731	0.609833	0.058478	0.626448	0.000000	0.000000	5.440755
2.390000	0.610000	0.066783	0.612731	0.609830	0.059191	0.626455	0.000000	0.000000	5.443054
2.400000	0.610000	0.067525	0.612731	0.609828	0.059906	0.626462	0.000000	0.000000	5.445265
2.410000	0.610000	0.068268	0.612731	0.609826	0.060624	0.626469	0.000000	0.000000	5.447391
2.420000	0.610000	0.069013	0.612731	0.609824	0.061345	0.626475	0.000000	0.000000	5.449435
2.430000	0.610000	0.069759	0.612731	0.609822	0.062069	0.626480	0.000000	0.000000	5.451400
2.440000	0.610000	0.070505	0.612731	0.609820	0.062795	0.626486	0.000000	0.000000	5.453289
2.450000	0.610000	0.071253	0.612731	0.609818	0.063524	0.626491	0.000000	0.000000	5.455106
2.460000	0.610000	0.072002	0.612731	0.609817	0.064254	0.626495	0.000000	0.000000	5.456852
2.470000	0.610000	0.072751	0.612731	0.609815	0.064988	0.626500	0.000000	0.000000	5.458531
2.480000	0.610000	0.073500	0.612731	0.609813	0.065722	0.626504	0.000000	0.000000	5.460146
2.490000	0.610000	0.074250	0.612731	0.609811	0.066460	0.626508	0.000000	0.000000	5.461698
2.500000	0.610000	0.075000	0.612731	0.609809	0.067198	0.626511	0.000000	0.000000	5.463189
2.510000	0.610000	0.075750	0.612731	0.609807	0.067938	0.626514	0.000000	0.000000	0.000000
2.520000	0.610000	0.076500	0.612731	0.609780	0.068318	0.626256	0.000000	0.000000	0.000000
2.530000	0.610000	0.077249	0.612731	0.609757	0.068869	0.625934	0.000000	0.000000	0.000000
2.540000	0.610000	0.077998	0.612731	0.609729	0.069445	0.625513	0.000000	0.000000	0.000000
2.550000	0.610000	0.078747	0.612731	0.609699	0.070079	0.625019	0.000000	0.000000	0.000000
2.560000	0.610000	0.079495	0.612731	0.609669	0.070750	0.624460	0.000000	0.000000	0.000000
2.570000	0.610000	0.080241	0.612731	0.609639	0.071462	0.623849	0.000000	0.000000	0.000000
2.580000	0.610000	0.080987	0.612731	0.609609	0.072201	0.623196	0.000000	0.000000	0.000000
2.590000	0.610000	0.081732	0.612731	0.609580	0.072971	0.622513	0.000000	0.000000	0.000000
2.600000	0.610000	0.082475	0.612731	0.609554	0.073759	0.621808	0.000000	0.000000	0.000000
2.610000	0.610000	0.083217	0.612731	0.609529	0.074569	0.621092	0.000000	0.000000	0.000000
2.620000	0.610000	0.083957	0.612731	0.609507	0.075390	0.620370	0.000000	0.000000	0.000000
2.630000	0.610000	0.084695	0.612731	0.609487	0.076225	0.619653	0.000000	0.000000	0.000000
2.640000	0.610000	0.085432	0.612731	0.609471	0.077064	0.618944	0.000000	0.000000	0.000000
2.650000	0.610000	0.086166	0.612731	0.609457	0.077913	0.618252	0.000000	0.000000	0.000000
2.660000	0.610000	0.086899	0.612731	0.609447	0.078759	0.617579	0.000000	0.000000	0.000000
2.670000	0.610000	0.087629	0.612731	0.609439	0.079611	0.616933	0.000000	0.000000	0.000000
2.680000	0.610000	0.088356	0.612731	0.609435	0.080456	0.616313	0.000000	0.000000	0.000000
2.690000	0.610000	0.089081	0.612731	0.609433	0.081303	0.615727	0.000000	0.000000	0.000000
2.700000	0.610000	0.089803	0.612731	0.609435	0.082140	0.615172	0.000000	0.000000	0.000000
2.710000	0.610000	0.090522	0.612731	0.609439	0.082977	0.614655	0.000000	0.000000	0.000000
2.720000	0.610000	0.091239	0.612731	0.609447	0.083800	0.614173	0.000000	0.000000	0.000000
2.730000	0.610000	0.091952	0.612731	0.609455	0.084622	0.613731	0.000000	0.000000	0.000000
2.740000	0.610000	0.092662	0.612731	0.609467	0.085429	0.613324	0.000000	0.000000	0.000000
2.750000	0.610000	0.093369	0.612731	0.609480	0.086233	0.612958	0.000000	0.000000	0.000000
2.760000	0.610000	0.094072	0.612731	0.609496	0.087020	0.612626	0.000000	0.000000	0.000000
2.770000	0.610000	0.094772	0.612731	0.609512	0.087805	0.612334	0.000000	0.000000	0.000000
2.780000	0.610000	0.095468	0.612731	0.609530	0.088573	0.612074	0.000000	0.000000	0.000000
2.790000	0.610000	0.096160	0.612731	0.609548	0.089338	0.611851	0.000000	0.000000	0.000000
2.800000	0.610000	0.096848	0.612731	0.609568	0.090085	0.611658	0.000000	0.000000	0.000000
2.810000	0.610000	0.097533	0.612731	0.609587	0.090830	0.611499	0.000000	0.000000	0.000000
2.820000	0.610000	0.098213	0.612731	0.609608	0.091557	0.611367	0.000000	0.000000	0.000000
2.830000	0.610000	0.098889	0.612731	0.609628	0.092283	0.611265	0.000000	0.000000	0.000000
2.840000	0.610000	0.099561	0.612731	0.609649	0.092991	0.611185	0.000000	0.000000	0.000000
2.850000	0.610000	0.100228	0.612731	0.609668	0.093700	0.611131	0.000000	0.000000	0.000000
2.860000	0.610000	0.100891	0.612731	0.609689	0.094390	0.611096	0.000000	0.000000	0.000000
2.870000	0.610000	0.101549	0.612731	0.609707	0.095082	0.611084	0.000000	0.000000	0.000000
2.880000	0.610000	0.102203	0.612731	0.609727	0.095757	0.611085	0.000000	0.000000	0.000000
2.890000	0.610000	0.102852	0.612731	0.609744	0.096434	0.611106	0.000000	0.000000	0.000000
2.900000	0.610000	0.103496	0.612731	0.609762	0.097093	0.611137	0.000000	0.000000	0.000000
2.910000	0.610000	0.104135	0.612731	0.609778	0.097757	0.611183	0.000000	0.000000	0.000000
2.920000	0.610000	0.104770	0.612731	0.609794	0.098404	0.611235	0.000000	0.000000	0.000000
2.930000	0.610000	0.105399	0.612731	0.609808	0.099056	0.611300	0.000000	0.000000	0.000000
2.940000	0.610000	0.106023	0.612731	0.609823	0.099691	0.611368	0.000000	0.000000	0.000000
2.950000	0.610000	0.106642	0.612731	0.609834	0.100332	0.611445	0.000000	0.000000	0.000000
2.960000	0.610000	0.107256	0.612731	0.609847	0.100957	0.611522	0.000000	0.000000	0.000000
2.970000	0.610000	0.107865	0.612731	0.609857	0.101589	0.611606	0.000000	0.000000	0.000000
2.980000	0.610000	0.108468	0.612731	0.609868	0.102205	0.611687	0.000000	0.000000	0.000000
2.990000	0.610000	0.109066	0.612731	0.609876	0.102829	0.611774	0.000000	0.000000	0.000000
3.000000	0.610000	0.109659	0.612731	0.609885	0.103436	0.611855	0.000000	0.000000	0.000000
3.010000	0.610000	0.110246	0.612731	0.609891	0.104053	0.611940	0.000000	0.000000	0.000000
3.020000	0.610000	0.110828	0.612731	0.609898	0.104652	0.612018	0.000000	0.000000	0.000000
3.030000	0.610000	0.111404	0.612731	0.609902	0.105262	0.612100	0.000000	0.000000	0.000000
3.040000	0.610000	0.111974	0.612731	0.609908	0.105855	0.612172	0.000000	0.000000	0.000000
3.050000	0.610000	0.112539	0.612731	0.609911	0.106458	0.612247	0.000000	0.000000	0.000000
3.060000	0.610000	0.113098	0.612731	0.609916	0.107044	0.612312	0.000000	0.000000	0.000000
3.070000	0.610000	0.113652	0.612731	0.609917	0.107641	0.612379	0.000000	0.000000	0.000000
3.080000	0.610000	0.114200	0.612731	0.609921	0.108219	0.612436	0.000000	0.000000	0.000000
3.090000	0.610000	0.114742	0.612731	0.609921	0.108810	0.612494	0.000000	0.000000	0.000000
3.100000	0.610000	0.115279	0.612731	0.609924	0.109381	0.612541	0.000000	0.000000	0.000000
3.110000	0.610000	0.115810	0.612731	0.609923	0.109966	0.612591	0.000000	0.000000	0.000000
3.120000	0.610000	0.116335	0.612731	0.609925	0.110529	0.612629	0.000000	0.000000	0.000000
3.130000	0.610000	0.116854	0.612731	0.609924	0.111107	0.612670	0.000000	0.000000	0.000000
3.140000	0.610000	0.117367	0.612731	0.609926	0.111663	0.612698	0.000000	0.000000	0.000000
3.150000	0.610000	0.117875	0.612731	0.609923	0.112234	0.612731	0.000000	0.000000	0.000000
3.160000	0.610000	0.118377	0.612731	0.609925	0.112782	0.612751	0.000000	0.000000	0.000000
3.170000	0.610000	0.118873	0.612731	0.609923	0.113345	0.612775	0.000000	0.000000	0.000000
3.180000	0.610000	0.119364	0.612731	0.609924	0.113884	0.612788	0.000000	0.000000	0.000000
3.190000	0.610000	0.119849	0.612731	0.609921	0.114439	0.612805	0.000000	0.000000	0.000000
3.200000	0.610000	0.120328	0.612731	0.609923	0.114969	0.612810	0.000000	0.000000	0.000000
3.210000	0.610000	0.120801	0.612731	0.609920	0.115515	0.612822	0.000000	0.000000	0.000000
3.220000	0.610000	0.121268	0.612731	0.609922	0.116035	0.612821	0.000000	0.000000	0.000000
3.230000	0.610000	0.121730	0.612731	0.609919	0.116573	0.612828	0.000000	0.000000	0.000000
3.240000	0.610000	0.122186	0.612731	0.609921	0.117083	0.612822	0.000000	0.000000	0.000000
3.250000	0.610000	0.122636	0.612731	0.609918	0.117611	0.612824	0.000000	0.000000	0.000000
3.260000	0.610000	0.123081	0.612731	0.609920	0.118110	0.612814	0.000000	0.000000	0.000000
3.270000	0.610000	0.123520	0.612731	0.609917	0.118629	0.612814	0.000000	0.000000	0.000000
3.280000	0.610000	0.123953	0.612731	0.609920	0.119117	0.612801	0.000000	0.000000	0.000000
3.290000	0.610000	0.124381	0.612731	0.609917	0.119625	0.612798	0.000000	0.000000	0.000000
3.300000	0.610000	0.124803	0.612731	0.609921	0.120102	0.612782	0.000000	0.000000	0.000000
3.310000	0.610000	0.125219	0.612731	0.609918	0.120600	0.612778	0.000000	0.000000	0.000000
3.320000	0.610000	0.125630	0.612731	0.609921	0.121064	0.612761	0.000000	0.000000	0.000000
3.330000	0.610000	0.126036	0.612731	0.609919	0.121552	0.612757	0.000000	0.000000	0.000000
3.340000	0.610000	0.126436	0.612731	0.609923	0.122004	0.612739	0.000000	0.000000	0.000000
3.350000	0.610000	0.126830	0.612731	0.609920	0.122481	0.612734	0.000000	0.000000	0.000000
3.360000	0.610000	0.127219	0.612731	0.609925	0.122921	0.612716	0.000000	0.000000	0.000000
3.370000	0.610000	0.127603	0.612731	0.609923	0.123387	0.612712	0.000000	0.000000	0.000000
3.380000	0.610000	0.127981	0.612731	0.609928	0.123814	0.612694	0.000000	0.000000	0.000000
3.390000	0.610000	0.128355	0.612731	0.609925	0.124270	0.612690	0.000000	0.000000	0.000000
3.400000	0.610000	0.128722	0.612731	0.609931	0.124684	0.612673	0.000000	0.000000	0.000000
3.410000	0.610000	0.129085	0.612731	0.609929	0.125129	0.612671	0.000000	0.000000	0.000000
3.420000	0.610000	0.129442	0.612731	0.609935	0.125531	0.612653	0.000000	0.000000	0.000000
3.430000	0.610000	0.129795	0.612731	0.609932	0.125965	0.612653	0.000000	0.000000	0.000000
3.440000	0.610000	0.130142	0.612731	0.609939	0.126354	0.612637	0.000000	0.000000	0.000000
3.450000	0.610000	0.130484	0.612731	0.609936	0.126778	0.612638	0.000000	0.000000	0.000000
3.460000	0.610000	0.130821	0.612731	0.609943	0.127154	0.612622	0.000000	0.000000	0.000000
3.470000	0.610000	0.131153	0.612731	0.609940	0.127567	0.612625	0.000000	0.000000	0.000000
3.480000	0.610000	0.131480	0.612731	0.609948	0.127932	0.612611	0.000000	0.000000	0.000000
3.490000	0.610000	0.131802	0.612731	0.609945	0.128334	0.612615	0.000000	0.000000	0.000000
3.500000	0.610000	0.132120	0.612731	0.609953	0.128686	0.612601	0.000000	0.000000	0.000000
3.510000	0.610000	0.132432	0.612731	0.609949	0.129079	0.612608	0.000000	0.000000	0.000000
3.520000	0.610000	0.132740	0.612731	0.609957	0.129419	0.612595	0.000000	0.000000	0.000000
3.530000	0.610000	0.133043	0.612731	0.609954	0.129801	0.612603	0.000000	0.000000	0.000000
3.540000	0.610000	0.133342	0.612731	0.609962	0.130129	0.612590	0.000000	0.000000	0.000000
3.550000	0.610000	0.133635	0.612731	0.609958	0.130503	0.612600	0.000000	0.000000	0.000000
3.560000	0.610000	0.133925	0.612731	0.609967	0.130818	0.612588	0.000000	0.000000	0.000000
3.570000	0.610000	0.134210	0.612731	0.609963	0.131182	0.612599	0.000000	0.000000	0.000000
3.580000	0.610000	0.134490	0.612731	0.609972	0.131487	0.612587	0.000000	0.000000	0.000000
3.590000	0.610000	0.134766	0.612731	0.609967	0.131842	0.612599	0.000000	0.000000	0.000000
3.600000	0.610000	0.135037	0.612731	0.609977	0.132134	0.612588	0.000000	0.000000	0.000000
3.610000	0.610000	0.135305	0.612731	0.609972	0.132481	0.612602	0.000000	0.000000	0.000000
3.620000	0.610000	0.135568	0.612731	0.609982	0.132762	0.612591	0.000000	0.000000	0.000000
3.630000	0.610000	0.135826	0.612731	0.609976	0.133100	0.612605	0.000000	0.000000	0.000000
3.640000	0.610000	0.136081	0.612731	0.609987	0.133370	0.612594	0.000000	0.000000	0.000000
3.650000	0.610000	0.136332	0.612731	0.609980	0.133700	0.612609	0.000000	0.000000	0.000000
3.660000	0.610000	0.136578	0.612731	0.609991	0.133959	0.612598	0.000000	0.000000	0.000000
3.670000	0.610000	0.136820	0.612731	0.609984	0.134282	0.612614	0.000000	0.000000	0.000000
3.680000	0.610000	0.137059	0.612731	0.609995	0.134530	0.612603	0.000000	0.000000	0.000000
3.690000	0.610000	0.137293	0.612731	0.609988	0.134845	0.612620	0.000000	0.000000	0.000000
3.700000	0.610000	0.137524	0.612731	0.609999	0.135082	0.612608	0.000000	0.000000	0.000000
3.710000	0.610000	0.137751	0.612731	0.609991	0.135390	0.612625	0.000000	0.000000	0.000000
3.720000	0.610000	0.137974	0.612731	0.610003	0.135617	0.612613	0.000000	0.000000	0.000000
3.730000	0.610000	0.138193	0.612731	0.609995	0.135918	0.612631	0.000000	0.000000	0.000000
3.740000	0.610000	0.138409	0.612731	0.610007	0.136135	0.612618	0.000000	0.000000	0.000000
3.750000	0.610000	0.138621	0.612731	0.609998	0.136429	0.612637	0.000000	0.000000	0.000000
3.760000	0.610000	0.138830	0.612731	0.610011	0.136636	0.612623	0.000000	0.000000	0.000000
3.770000	0.610000	0.139035	0.612731	0.610001	0.136924	0.612643	0.000000	0.000000	0.000000
3.780000	0.610000	0.139236	0.612731	0.610014	0.137121	0.612628	0.000000	0.000000	0.000000
3.790000	0.610000	0.139434	0.612731	0.610003	0.137403	0.612648	0.000000	0.000000	0.000000
3.800000	0.610000	0.139629	0.612731	0.610017	0.137590	0.612633	0.000000	0.000000	0.000000
3.810000	0.610000	0.139821	0.612731	0.610006	0.137866	0.612654	0.000000	0.000000	0.000000
3.820000	0.610000	0.140009	0.612731	0.610020	0.138043	0.612637	0.000000	0.000000	0.000000
3.830000	0.610000	0.140194	0.612731	0.610008	0.138314	0.612658	0.000000	0.000000	0.000000
3.840000	0.610000	0.140375	0.612731	0.610023	0.138482	0.612641	0.000000	0.000000	0.000000
3.850000	0.610000	0.140554	0.612731	0.610010	0.138747	0.612663	0.000000	0.000000	0.000000
3.860000	0.610000	0.140729	0.612731	0.610026	0.138905	0.612645	0.000000	0.000000	0.000000
3.870000	0.610000	0.140902	0.612731	0.610012	0.139166	0.612667	0.000000	0.000000	0.000000
3.880000	0.610000	0.141071	0.612731	0.610028	0.139315	0.612649	0.000000	0.000000	0.000000
3.890000	0.610000	0.141238	0.612731	0.610014	0.139570	0.612672	0.000000	0.000000	0.000000
3.900000	0.610000	0.141401	0.612731	0.610031	0.139710	0.612652	0.000000	0.000000	0.000000
3.910000	0.610000	0.141562	0.612731	0.610016	0.139962	0.612675	0.000000	0.000000	0.000000
3.920000	0.610000	0.141720	0.612731	0.610033	0.140092	0.612655	0.000000	0.000000	0.000000
3.930000	0.610000	0.141875	0.612731	0.610017	0.140340	0.612679	0.000000	0.000000	0.000000
3.940000	0.610000	0.142027	0.612731	0.610035	0.140461	0.612657	0.000000	0.000000	0.000000
3.950000	0.610000	0.142177	0.612731	0.610018	0.140705	0.612682	0.000000	0.000000	0.000000
3.960000	0.610000	0.142324	0.612731	0.610037	0.140817	0.612660	0.000000	0.000000	0.000000
3.970000	0.610000	0.142468	0.612731	0.610020	0.141057	0.612685	0.000000	0.000000	0.000000
3.980000	0.610000	0.142610	0.612731	0.610039	0.141161	0.612662	0.000000	0.000000	0.000000
3.990000	0.610000	0.142749	0.612731	0.610021	0.141398	0.612688	0.000000	0.000000	0.000000
4.000000	0.610000	0.142886	0.612731	0.610041	0.141493	0.612664	0.000000	0.000000	0.000000
4.010000	0.610000	0.143020	0.612731	0.610022	0.141726	0.612691	0.000000	0.000000	0.000000
4.020000	0.610000	0.143152	0.612731	0.610042	0.141813	0.612666	0.000000	0.000000	0.000000
4.030000	0.610000	0.143282	0.612731	0.610022	0.142043	0.612694	0.000000	0.000000	0.000000
4.040000	0.610000	0.143409	0.612731	0.610044	0.142122	0.612668	0.000000	0.000000	0.000000
4.050000	0.610000	0.143534	0.612731	0.610023	0.142349	0.612696	0.000000	0.000000	0.000000
4.060000	0.610000	0.143657	0.612731	0.610045	0.142419	0.612669	0.000000	0.000000	0.000000
4.070000	0.610000	0.143777	0.612731	0.610023	0.142645	0.612699	0.000000	0.000000	0.000000
4.080000	0.610000	0.143895	0.612731	0.610046	0.142706	0.612671	0.000000	0.000000	0.000000
4.090000	0.610000	0.144011	0.612731	0.610024	0.142929	0.612701	0.000000	0.000000	0.000000
4.100000	0.610000	0.144125	0.612731	0.610048	0.142983	0.612672	0.000000	0.000000	0.000000
4.110000	0.610000	0.144237	0.612731	0.610024	0.143204	0.612704	0.000000	0.000000	0.000000
4.120000	0.610000	0.144347	0.612731	0.610049	0.143249	0.612674	0.000000	0.000000	0.000000
4.130000	0.610000	0.144455	0.612731	0.610024	0.143469	0.612706	0.000000	0.000000	0.000000
4.140000	0.610000	0.144560	0.612731	0.610050	0.143506	0.612675	0.000000	0.000000	0.000000
4.150000	0.610000	0.144664	0.612731	0.610024	0.143724	0.612708	0.000000	0.000000	0.000000
4.160000	0.610000	0.144766	0.612731	0.610051	0.143753	0.612677	0.000000	0.000000	0.000000
4.170000	0.610000	0.144866	0.612731	0.610024	0.143971	0.612711	0.000000	0.000000	0.000000
4.180000	0.610000	0.144965	0.612731	0.610052	0.143991	0.612678	0.000000	0.000000	0.000000
4.190000	0.610000	0.145061	0.612731	0.610024	0.144208	0.612713	0.000000	0.000000	0.000000
4.200000	0.610000	0.145156	0.612731	0.610053	0.144221	0.612680	0.000000	0.000000	0.000000
4.210000	0.610000	0.145249	0.612731	0.610024	0.144437	0.612716	0.000000	0.000000	0.000000
4.220000	0.610000	0.145340	0.612731	0.610053	0.144441	0.612681	0.000000	0.000000	0.000000
4.230000	0.610000	0.145429	0.612731	0.610023	0.144657	0.612718	0.000000	0.000000	0.000000
4.240000	0.610000	0.145517	0.612731	0.610054	0.144654	0.612683	0.000000	0.000000	0.000000
4.250000	0.610000	0.145603	0.612731	0.610023	0.144869	0.612721	0.000000	0.000000	0.000000
4.260000	0.610000	0.145688	0.612731	0.610055	0.144858	0.612684	0.000000	0.000000	0.000000
4.270000	0.610000	0.145771	0.612731	0.610022	0.145074	0.612723	0.000000	0.000000	0.000000
4.280000	0.610000	0.145852	0.612731	0.610055	0.145055	0.612685	0.000000	0.000000	0.000000
4.290000	0.610000	0.145932	0.612731	0.610022	0.145271	0.612725	0.000000	0.000000	0.000000
4.300000	0.610000	0.146010	0.612731	0.610056	0.145245	0.612687	0.000000	0.000000	0.000000
4.310000	0.610000	0.146087	0.612731	0.610021	0.145461	0.612728	0.000000	0.000000	0.000000
4.320000	0.610000	0.146163	0.612731	0.610056	0.145427	0.612688	0.000000	0.000000	0.000000
4.330000	0.610000	0.146237	0.612731	0.610020	0.145644	0.612730	0.000000	0.000000	0.000000
4.340000	0.610000	0.146310	0.612731	0.610057	0.145602	0.612689	0.000000	0.000000	0.000000
4.350000	0.610000	0.146381	0.612731	0.610019	0.145821	0.612733	0.000000	0.000000	0.000000
4.360000	0.610000	0.146451	0.612731	0.610057	0.145770	0.612691	0.000000	0.000000	0.000000
4.370000	0.610000	0.146520	0.612731	0.610018	0.145990	0.612735	0.000000	0.000000	0.000000
4.380000	0.610000	0.146587	0.612731	0.610058	0.145932	0.612692	0.000000	0.000000	0.000000
4.390000	0.610000	0.146653	0.612731	0.610017	0.146154	0.612737	0.000000	0.000000	0.000000
4.400000	0.610000	0.146718	0.612731	0.610058	0.146088	0.612693	0.000000	0.000000	0.000000
4.410000	0.610000	0.146781	0.612731	0.610016	0.146311	0.612740	0.000000	0.000000	0.000000
4.420000	0.610000	0.146844	0.612731	0.610058	0.146238	0.612694	0.000000	0.000000	0.000000
4.430000	0.610000	0.146905	0.612731	0.610015	0.146463	0.612742	0.000000	0.000000	0.000000
4.440000	0.610000	0.146965	0.612731	0.610059	0.146381	0.612695	0.000000	0.000000	0.000000
4.450000	0.610000	0.147024	0.612731	0.610014	0.146609	0.612745	0.000000	0.000000	0.000000
4.460000	0.610000	0.147082	0.612731	0.610059	0.146520	0.612697	0.000000	0.000000	0.000000
4.470000	0.610000	0.147138	0.612731	0.610013	0.146750	0.612747	0.000000	0.000000	0.000000
4.480000	0.610000	0.147194	0.612731	0.610059	0.146652	0.612698	0.000000	0.000000	0.000000
4.490000	0.610000	0.147249	0.612731	0.610011	0.146885	0.612749	0.000000	0.000000	0.000000
4.500000	0.610000	0.147302	0.612731	0.610059	0.146780	0.612699	0.000000	0.000000	0.000000
4.510000	0.610000	0.147355	0.612731	0.610010	0.147016	0.612752	0.000000	0.000000	0.000000
4.520000	0.610000	0.147406	0.612731	0.610059	0.146902	0.612700	0.000000	0.000000	0.000000
4.530000	0.610000	0.147457	0.612731	0.610008	0.147142	0.612754	0.000000	0.000000	0.000000
4.540000	0.610000	0.147506	0.612731	0.610060	0.147020	0.612701	0.000000	0.000000	0.000000
4.550000	0.610000	0.147555	0.612731	0.610007	0.147263	0.612756	0.000000	0.000000	0.000000
4.560000	0.610000	0.147602	0.612731	0.610060	0.147133	0.612702	0.000000	0.000000	0.000000
4.570000	0.610000	0.147649	0.612731	0.610005	0.147379	0.612759	0.000000	0.000000	0.000000
4.580000	0.610000	0.147695	0.612731	0.610060	0.147241	0.612703	0.000000	0.000000	0.000000
4.590000	0.610000	0.147740	0.612731	0.610004	0.147491	0.612761	0.000000	0.000000	0.000000
4.600000	0.610000	0.147784	0.612731	0.610060	0.147345	0.612704	0.000000	0.000000	0.000000
4.610000	0.610000	0.147827	0.612731	0.610002	0.147600	0.612763	0.000000	0.000000	0.000000
4.620000	0.610000	0.147870	0.612731	0.610060	0.147445	0.612705	0.000000	0.000000	0.000000
4.630000	0.610000	0.147911	0.612731	0.610000	0.147704	0.612766	0.000000	0.000000	0.000000
4.640000	0.610000	0.147952	0.612731	0.610060	0.147541	0.612706	0.000000	0.000000	0.000000
4.650000	0.610000	0.147992	0.612731	0.609999	0.147804	0.612768	0.000000	0.000000	0.000000
4.660000	0.610000	0.148031	0.612731	0.610060	0.147632	0.612707	0.000000	0.000000	0.000000
4.670000	0.610000	0.148070	0.612731	0.609997	0.147901	0.612770	0.000000	0.000000	0.000000
4.680000	0.610000	0.148107	0.612731	0.610061	0.147720	0.612708	0.000000	0.000000	0.000000
4.690000	0.610000	0.148144	0.612731	0.609995	0.147994	0.612773	0.000000	0.000000	0.000000
4.700000	0.610000	0.148181	0.612731	0.610061	0.147805	0.612708	0.000000	0.000000	0.000000
4.710000	0.610000	0.148216	0.612731	0.609993	0.148083	0.612775	0.000000	0.000000	0.000000
4.720000	0.610000	0.148251	0.612731	0.610061	0.147885	0.612709	0.000000	0.000000	0.000000
4.730000	0.610000	0.148285	0.612731	0.609991	0.148170	0.612778	0.000000	0.000000	0.000000
4.740000	0.610000	0.148319	0.612731	0.610061	0.147963	0.612710	0.000000	0.000000	0.000000
4.750000	0.610000	0.148352	0.612731	0.609989	0.148253	0.612780	0.000000	0.000000	0.000000
4.760000	0.610000	0.148384	0.612731	0.610062	0.148037	0.612711	0.000000	0.000000	0.000000
4.770000	0.610000	0.148416	0.612731	0.609987	0.148333	0.612783	0.000000	0.000000	0.000000
4.780000	0.610000	0.148447	0.612731	0.610062	0.148108	0.612712	0.000000	0.000000	0.000000
4.790000	0.610000	0.148477	0.612731	0.609985	0.148411	0.612785	0.000000	0.000000	0.000000
4.800000	0.610000	0.148507	0.612731	0.610062	0.148176	0.612713	0.000000	0.000000	0.000000
4.810000	0.610000	0.148537	0.612731	0.609983	0.148485	0.612788	0.000000	0.000000	0.000000
4.820000	0.610000	0.148565	0.612731	0.610062	0.148241	0.612714	0.000000	0.000000	0.000000
4.830000	0.610000	0.148593	0.612731	0.609981	0.148557	0.612791	0.000000	0.000000	0.000000
4.840000	0.610000	0.148621	0.612731	0.610063	0.148303	0.612716	0.000000	0.000000	0.000000
4.850000	0.610000	0.148648	0.612731	0.609979	0.148626	0.612794	0.000000	0.000000	0.000000
4.860000	0.610000	0.148675	0.612731	0.610063	0.148362	0.612717	0.000000	0.000000	0.000000
4.870000	0.610000	0.148701	0.612731	0.609977	0.148693	0.612796	0.000000	0.000000	0.000000
4.880000	0.610000	0.148726	0.612731	0.610064	0.148419	0.612718	0.000000	0.000000	0.000000
4.890000	0.610000	0.148751	0.612731	0.609975	0.148758	0.612799	0.000000	0.000000	0.000000
4.900000	0.610000	0.148776	0.612731	0.610064	0.148473	0.612719	0.000000	0.000000	0.000000
4.910000	0.610000	0.148800	0.612731	0.609973	0.148820	0.612803	0.000000	0.000000	0.000000
4.920000	0.610000	0.148823	0.612731	0.610065	0.148525	0.612721	0.000000	0.000000	0.000000
4.930000	0.610000	0.148846	0.612731	0.609971	0.148880	0.612806	0.000000	0.000000	0.000000
4.940000	0.610000	0.148869	0.612731	0.610065	0.148574	0.612722	0.000000	0.000000	0.000000
4.950000	0.610000	0.148891	0.612731	0.609968	0.148938	0.612809	0.000000	0.000000	0.000000
4.960000	0.610000	0.148913	0.612731	0.610066	0.148622	0.612723	0.000000	0.000000	0.000000
4.970000	0.610000	0.148934	0.612731	0.609966	0.148994	0.612812	0.000000	0.000000	0.000000
4.980000	0.610000	0.148955	0.612731	0.610066	0.148666	0.612725	0.000000	0.000000	0.000000
4.990000	0.610000	0.148976	0.612731	0.609964	0.149048	0.612816	0.000000	0.000000	0.000000
5.000000	0.610000	0.148996	0.612731	0.610067	0.148709	0.612727	0.000000	0.000000	0.000000
