Time [s]	Pos_0_x [m]	Pos_0_y [m]	Pos_0_z [m]	Pos_x [m]	Pos_y [m]	Pos_z [m]	Force_x [N]	Force_y [N]	Force_z [N]
0.000000	0.610000	0.000000	0.612731	0.610000	0.000000	0.612731	0.000000	0.000000	0.000000
0.010000	0.610000	0.000001	0.612731	0.610000	0.000000	0.612731	0.000000	0.000000	0.000288
0.020000	0.610000	0.000006	0.612731	0.610000	0.000000	0.612731	0.000000	0.000000	0.001153
0.030000	0.610000	0.000013	0.612731	0.610000	0.000001	0.612731	0.000000	0.000000	0.002593
0.040000	0.610000	0.000024	0.612731	0.610000	0.000002	0.612731	0.000000	0.000000	0.004610
0.050000	0.610000	0.000037	0.612731	0.610000	0.000004	0.612731	0.000000	0.000000	0.007202
0.060000	0.610000	0.000053	0.612731	0.610000	0.000007	0.612732	0.000000	0.000000	0.010370
0.070000	0.610000	0.000073	0.612731	0.610000	0.000011	0.612732	0.000000	0.000000	0.014112
0.080000	0.610000	0.000095	0.612731	0.610000	0.000016	0.612733	0.000000	0.000000	0.018429
0.090000	0.610000	0.000120	0.612731	0.610000	0.000023	0.612735	0.000000	0.000000	0.023319
0.100000	0.610000	0.000148	0.612731	0.610000	0.000031	0.612737	0.000000	0.000000	0.028781
0.110000	0.610000	0.000179	0.612731	0.610000	0.000041	0.612739	0.000000	0.000000	0.034816
0.120000	0.610000	0.000213	0.612731	0.610000	0.000053	0.612742	0.000000	0.000000	0.041421
0.130000	0.610000	0.000250	0.612731	0.610000	0.000067	0.612746	0.000000	0.000000	0.048596
0.140000	0.610000	0.000290	0.612731	0.610001	0.000082	0.612751	0.000000	0.000000	0.056340
0.150000	0.610000	0.000333	0.612731	0.610001	0.000100	0.612756	0.000000	0.000000	0.064652
0.160000	0.610000	0.000379	0.612731	0.610001	0.000120	0.612762	0.000000	0.000000	0.073529
0.170000	0.610000	0.000427	0.612731	0.610001	0.000142	0.612770	0.000000	0.000000	0.082971
0.180000	0.610000	0.000479	0.612731	0.610002	0.000167	0.612778	0.000000	0.000000	0.092977
0.190000	0.610000	0.000534	0.612731	0.610002	0.000194	0.612787	0.000000	0.000000	0.103544
0.200000	0.610000	0.000591	0.612731	0.610002	0.000223	0.612798	0.000000	0.000000	0.114671
0.210000	0.610000	0.000652	0.612731	0.610002	0.000255	0.612810	0.000000	0.000000	0.126357
0.220000	0.610000	0.000715	0.612731	0.610003	0.000289	0.612823	0.000000	0.000000	0.138599
0.230000	0.610000	0.000782	0.612731	0.610003	0.000326	0.612837	0.000000	0.000000	0.151395
0.240000	0.610000	0.000851	0.612731	0.610004	0.000365	0.612853	0.000000	0.000000	0.164744
0.250000	0.610000	0.000923	0.612731	0.610004	0.000407	0.612870	0.000000	0.000000	0.178644
0.260000	0.610000	0.000999	0.612731	0.610005	0.000452	0.612888	0.000000	0.000000	0.193091
0.270000	0.610000	0.001077	0.612731	0.610005	0.000500	0.612908	0.000000	0.000000	0.208085
0.280000	0.610000	0.001158	0.612731	0.610006	0.000550	0.612930	0.000000	0.000000	0.223621
0.290000	0.610000	0.001242	0.612731	0.610006	0.000603	0.612953	0.000000	0.000000	0.239699
0.300000	0.610000	0.001328	0.612731	0.610007	0.000658	0.612977	0.000000	0.000000	0.256316
0.310000	0.610000	0.001418	0.612731	0.610008	0.000717	0.613003	0.000000	0.000000	0.273468
0.320000	0.610000	0.001511	0.612731	0.610008	0.000778	0.613031	0.000000	0.000000	0.291154
0.330000	0.610000	0.001606	0.612731	0.610009	0.000842	0.613060	0.000000	0.000000	0.309370
0.340000	0.610000	0.001705	0.612731	0.610010	0.000909	0.613091	0.000000	0.000000	0.328113
0.350000	0.610000	0.001806	0.612731	0.610010	0.000979	0.613123	0.000000	0.000000	0.347381
0.360000	0.610000	0.001910	0.612731	0.610011	0.001052	0.613157	0.000000	0.000000	0.367171
0.370000	0.610000	0.002018	0.612731	0.610012	0.001128	0.613192	0.000000	0.000000	0.387479
0.380000	0.610000	0.002128	0.612731	0.610012	0.001206	0.613229	0.000000	0.000000	0.408302
0.390000	0.610000	0.002241	0.612731	0.610013	0.001287	0.613267	0.000000	0.000000	0.429637
0.400000	0.610000	0.002356	0.612731	0.610014	0.001372	0.613307	0.000000	0.000000	0.451481
0.410000	0.610000	0.002475	0.612731	0.610015	0.001459	0.613349	0.000000	0.000000	0.473829
0.420000	0.610000	0.002596	0.612731	0.610015	0.001549	0.613392	0.000000	0.000000	0.496680
0.430000	0.610000	0.002721	0.612731	0.610016	0.001642	0.613436	0.000000	0.000000	0.520028
0.440000	0.610000	0.002848	0.612731	0.610017	0.001738	0.613482	0.000000	0.000000	0.543870
0.450000	0.610000	0.002978	0.612731	0.610017	0.001836	0.613530	0.000000	0.000000	0.568203
0.460000	0.610000	0.003111	0.612731	0.610018	0.001938	0.613579	0.000000	0.000000	0.593023
0.470000	0.610000	0.003247	0.612731	0.610019	0.002043	0.613629	0.000000	0.000000	0.618325
0.480000	0.610000	0.003385	0.612731	0.610020	0.002150	0.613681	0.000000	0.000000	0.644106
0.490000	0.610000	0.003527	0.612731	0.610020	0.002260	0.613734	0.000000	0.000000	0.670362
0.500000	0.610000	0.003671	0.612731	0.610021	0.002374	0.613789	0.000000	0.000000	0.697088
0.510000	0.610000	0.003818	0.612731	0.610021	0.002490	0.613845	0.000000	0.000000	0.724281
0.520000	0.610000	0.003968	0.612731	0.610022	0.002609	0.613902	0.000000	0.000000	0.751935
0.530000	0.610000	0.004120	0.612731	0.610023	0.002731	0.613961	0.000000	0.000000	0.780047
0.540000	0.610000	0.004276	0.612731	0.610023	0.002856	0.614021	0.000000	0.000000	0.808613
0.550000	0.610000	0.004434	0.612731	0.610024	0.002983	0.614082	0.000000	0.000000	0.837627
0.560000	0.610000	0.004595	0.612731	0.610024	0.003114	0.614144	0.000000	0.000000	0.867085
0.570000	0.610000	0.004759	0.612731	0.610025	0.003247	0.614208	0.000000	0.000000	0.896982
0.580000	0.610000	0.004925	0.612731	0.610025	0.003384	0.614273	0.000000	0.000000	0.927315
0.590000	0.610000	0.005095	0.612731	0.610026	0.003523	0.614340	0.000000	0.000000	0.958077
0.600000	0.610000	0.005267	0.612731	0.610026	0.003665	0.614407	0.000000	0.000000	0.989265
0.610000	0.610000	0.005442	0.612731	0.610027	0.003810	0.614476	0.000000	0.000000	1.020872
0.620000	0.610000	0.005619	0.612731	0.610027	0.003958	0.614545	0.000000	0.000000	1.052895
0.630000	0.610000	0.005800	0.612731	0.610028	0.004108	0.614616	0.000000	0.000000	1.085328
0.640000	0.610000	0.005983	0.612731	0.610028	0.004261	0.614689	0.000000	0.000000	1.118165
0.650000	0.610000	0.006168	0.612731	0.610028	0.004418	0.614762	0.000000	0.000000	1.151403
0.660000	0.610000	0.006357	0.612731	0.610029	0.004577	0.614836	0.000000	0.000000	1.185035
0.670000	0.610000	0.006548	0.612731	0.610029	0.004739	0.614912	0.000000	0.000000	1.219057
0.680000	0.610000	0.006742	0.612731	0.610029	0.004903	0.614988	0.000000	0.000000	1.253462
0.690000	0.610000	0.006939	0.612731	0.610030	0.005071	0.615066	0.000000	0.000000	1.288246
0.700000	0.610000	0.007138	0.612731	0.610030	0.005241	0.615145	0.000000	0.000000	1.323402
0.710000	0.610000	0.007340	0.612731	0.610030	0.005414	0.615224	0.000000	0.000000	1.358927
0.720000	0.610000	0.007545	0.612731	0.610030	0.005590	0.615305	0.000000	0.000000	1.394812
0.730000	0.610000	0.007752	0.612731	0.610031	0.005768	0.615387	0.000000	0.000000	1.431054
0.740000	0.610000	0.007962	0.612731	0.610031	0.005950	0.615470	0.000000	0.000000	1.467647
0.750000	0.610000	0.008175	0.612731	0.610031	0.006134	0.615554	0.000000	0.000000	1.504584
0.760000	0.610000	0.008390	0.612731	0.610031	0.006321	0.615638	0.000000	0.000000	1.541860
0.770000	0.610000	0.008608	0.612731	0.610031	0.006510	0.615724	0.000000	0.000000	1.579468
0.780000	0.610000	0.008828	0.612731	0.610031	0.006702	0.615811	0.000000	0.000000	1.617404
0.790000	0.610000	0.009051	0.612731	0.610031	0.006897	0.615899	0.000000	0.000000	1.655661
0.800000	0.610000	0.009277	0.612731	0.610031	0.007095	0.615987	0.000000	0.000000	1.694232
0.810000	0.610000	0.009505	0.612731	0.610031	0.007296	0.616077	0.000000	0.000000	1.733113
0.820000	0.610000	0.009736	0.612731	0.610031	0.007499	0.616167	0.000000	0.000000	1.772296
0.830000	0.610000	0.009970	0.612731	0.610031	0.007704	0.616259	0.000000	0.000000	1.811775
0.840000	0.610000	0.010206	0.612731	0.610031	0.007913	0.616351	0.000000	0.000000	1.851545
0.850000	0.610000	0.010444	0.612731	0.610031	0.008124	0.616444	0.000000	0.000000	1.891599
0.860000	0.610000	0.010686	0.612731	0.610031	0.008338	0.616538	0.000000	0.000000	1.931931
0.870000	0.610000	0.010929	0.612731	0.610031	0.008554	0.616633	0.000000	0.000000	1.972534
0.880000	0.610000	0.011175	0.612731	0.610031	0.008773	0.616728	0.000000	0.000000	2.013401
0.890000	0.610000	0.011424	0.612731	0.610031	0.008995	0.616825	0.000000	0.000000	2.054527
0.900000	0.610000	0.011675	0.612731	0.610031	0.009219	0.616922	0.000000	0.000000	2.095906
0.910000	0.610000	0.011929	0.612731	0.610031	0.009446	0.617020	0.000000	0.000000	2.137529
0.920000	0.610000	0.012185	0.612731	0.610030	0.009676	0.617118	0.000000	0.000000	2.179392
0.930000	0.610000	0.012444	0.612731	0.610030	0.009908	0.617218	0.000000	0.000000	2.221486
0.940000	0.610000	0.012705	0.612731	0.610030	0.010143	0.617318	0.000000	0.000000	2.263806
0.950000	0.610000	0.012969	0.612731	0.610030	0.010380	0.617419	0.000000	0.000000	2.306345
0.960000	0.610000	0.013235	0.612731	0.610029	0.010620	0.617521	0.000000	0.000000	2.349097
0.970000	0.610000	0.013504	0.612731	0.610029	0.010862	0.617623	0.000000	0.000000	2.392053
0.980000	0.610000	0.013775	0.612731	0.610029	0.011107	0.617726	0.000000	0.000000	2.435209
0.990000	0.610000	0.014048	0.612731	0.610029	0.011354	0.617830	0.000000	0.000000	2.478556
1.000000	0.610000	0.014324	0.612731	0.610028	0.011604	0.617934	0.000000	0.000000	2.522088
1.010000	0.610000	0.014602	0.612731	0.610028	0.011857	0.618039	0.000000	0.000000	2.565798
1.020000	0.610000	0.014882	0.612731	0.610028	0.012112	0.618145	0.000000	0.000000	2.609680
1.030000	0.610000	0.015165	0.612731	0.610027	0.012369	0.618251	0.000000	0.000000	2.653725
1.040000	0.610000	0.015451	0.612731	0.610027	0.012629	0.618358	0.000000	0.000000	2.697929
1.050000	0.610000	0.015738	0.612731	0.610026	0.012892	0.618465	0.000000	0.000000	2.742282
1.060000	0.610000	0.016028	0.612731	0.610026	0.013157	0.618573	0.000000	0.000000	2.786779
1.070000	0.610000	0.016321	0.612731	0.610026	0.013424	0.618681	0.000000	0.000000	2.831412
1.080000	0.610000	0.016615	0.612731	0.610025	0.013694	0.618790	0.000000	0.000000	2.876174
1.090000	0.610000	0.016912	0.612731	0.610025	0.013966	0.618899	0.000000	0.000000	2.921059
1.100000	0.610000	0.017212	0.612731	0.610024	0.014241	0.619009	0.000000	0.000000	2.966058
1.110000	0.610000	0.017513	0.612731	0.610024	0.014518	0.619119	0.000000	0.000000	3.011166
1.120000	0.610000	0.017817	0.612731	0.610023	0.014797	0.619230	0.000000	0.000000	3.056374
1.130000	0.610000	0.018123	0.612731	0.610023	0.015079	0.619341	0.000000	0.000000	3.101677
1.140000	0.610000	0.018431	0.612731	0.610022	0.015363	0.619453	0.000000	0.000000	3.147065
1.150000	0.610000	0.018742	0.612731	0.610021	0.015649	0.619565	0.000000	0.000000	3.192534
1.160000	0.610000	0.019054	0.612731	0.610021	0.015938	0.619677	0.000000	0.000000	3.238074
1.170000	0.610000	0.019369	0.612731	0.610020	0.016230	0.619790	0.000000	0.000000	3.283680
1.180000	0.610000	0.019687	0.612731	0.610020	0.016523	0.619903	0.000000	0.000000	3.329343
1.190000	0.610000	0.020006	0.612731	0.610019	0.016819	0.620016	0.000000	0.000000	3.375057
1.200000	0.610000	0.020327	0.612731	0.610018	0.017117	0.620130	0.000000	0.000000	3.420815
1.210000	0.610000	0.020651	0.612731	0.610018	0.017417	0.620244	0.000000	0.000000	3.466608
1.220000	0.610000	0.020977	0.612731	0.610017	0.017720	0.620358	0.000000	0.000000	3.512431
1.230000	0.610000	0.021305	0.612731	0.610016	0.018025	0.620472	0.000000	0.000000	3.558275
1.240000	0.610000	0.021635	0.612731	0.610016	0.018332	0.620587	0.000000	0.000000	3.604134
1.250000	0.610000	0.021967	0.612731	0.610015	0.018642	0.620702	0.000000	0.000000	3.650000
1.260000	0.610000	0.022301	0.612731	0.610014	0.018954	0.620817	0.000000	0.000000	3.695866
1.270000	0.610000	0.022638	0.612731	0.610013	0.019267	0.620932	0.000000	0.000000	3.741725
1.280000	0.610000	0.022976	0.612731	0.610013	0.019584	0.621047	0.000000	0.000000	3.787569
1.290000	0.610000	0.023316	0.612731	0.610012	0.019902	0.621163	0.000000	0.000000	3.833392
1.300000	0.610000	0.023659	0.612731	0.610011	0.020222	0.621279	0.000000	0.000000	3.879185
1.310000	0.610000	0.024003	0.612731	0.610010	0.020545	0.621394	0.000000	0.000000	3.924943
1.320000	0.610000	0.024350	0.612731	0.610009	0.020870	0.621510	0.000000	0.000000	3.970657
1.330000	0.610000	0.024699	0.612731	0.610009	0.021197	0.621626	0.000000	0.000000	4.016320
1.340000	0.610000	0.025049	0.612731	0.610008	0.021526	0.621742	0.000000	0.000000	4.061926
1.350000	0.610000	0.025402	0.612731	0.610007	0.021857	0.621858	0.000000	0.000000	4.107466
1.360000	0.610000	0.025756	0.612731	0.610006	0.022190	0.621973	0.000000	0.000000	4.152935
1.370000	0.610000	0.026112	0.612731	0.610005	0.022526	0.622089	0.000000	0.000000	4.198323
1.380000	0.610000	0.026471	0.612731	0.610004	0.022863	0.622205	0.000000	0.000000	4.243626
1.390000	0.610000	0.026831	0.612731	0.610003	0.023203	0.622321	0.000000	0.000000	4.288834
1.400000	0.610000	0.027193	0.612731	0.610002	0.023544	0.622437	0.000000	0.000000	4.333942
1.410000	0.610000	0.027557	0.612731	0.610001	0.023888	0.622552	0.000000	0.000000	4.378941
1.420000	0.610000	0.027923	0.612731	0.610001	0.024233	0.622668	0.000000	0.000000	4.423826
1.430000	0.610000	0.028291	0.612731	0.610000	0.024581	0.622783	0.000000	0.000000	4.468588
1.440000	0.610000	0.028661	0.612731	0.609999	0.024931	0.622898	0.000000	0.000000	4.513221
1.450000	0.610000	0.029032	0.612731	0.609998	0.025282	0.623013	0.000000	0.000000	4.557718
1.460000	0.610000	0.029405	0.612731	0.609997	0.025636	0.623128	0.000000	0.000000	4.602071
1.470000	0.610000	0.029780	0.612731	0.609996	0.025991	0.623243	0.000000	0.000000	4.646275
1.480000	0.610000	0.030157	0.612731	0.609995	0.026349	0.623357	0.000000	0.000000	4.690320
1.490000	0.610000	0.030536	0.612731	0.609994	0.026708	0.623472	0.000000	0.000000	4.734202
1.500000	0.610000	0.030916	0.612731	0.609993	0.027070	0.623586	0.000000	0.000000	4.777912
1.510000	0.610000	0.031298	0.612731	0.609992	0.027433	0.623699	0.000000	0.000000	4.821444
1.520000	0.610000	0.031682	0.612731	0.609990	0.027798	0.623813	0.000000	0.000000	4.864791
1.530000	0.610000	0.032068	0.612731	0.609989	0.028165	0.623926	0.000000	0.000000	4.907947
1.540000	0.610000	0.032455	0.612731	0.609988	0.028533	0.624039	0.000000	0.000000	4.950903
1.550000	0.610000	0.032844	0.612731	0.609987	0.028904	0.624151	0.000000	0.000000	4.993655
1.560000	0.610000	0.033234	0.612731	0.609986	0.029277	0.624263	0.000000	0.000000	5.036194
1.570000	0.610000	0.033627	0.612731	0.609985	0.029651	0.624375	0.000000	0.000000	5.078514
1.580000	0.610000	0.034020	0.612731	0.609984	0.030027	0.624486	0.000000	0.000000	5.120608
1.590000	0.610000	0.034416	0.612731	0.609983	0.030405	0.624597	0.000000	0.000000	5.162471
1.600000	0.610000	0.034813	0.612731	0.609982	0.030784	0.624708	0.000000	0.000000	5.204094
1.610000	0.610000	0.035212	0.612731	0.609981	0.031166	0.624818	0.000000	0.000000	5.245473
1.620000	0.610000	0.035612	0.612731	0.609980	0.031549	0.624927	0.000000	0.000000	5.286599
1.630000	0.610000	0.036014	0.612731	0.609978	0.031933	0.625036	0.000000	0.000000	5.327466
1.640000	0.610000	0.036417	0.612731	0.609977	0.032320	0.625145	0.000000	0.000000	5.368069
1.650000	0.610000	0.036822	0.612731	0.609976	0.032708	0.625253	0.000000	0.000000	5.408401
1.660000	0.610000	0.037228	0.612731	0.609975	0.033098	0.625360	0.000000	0.000000	5.448455
1.670000	0.610000	0.037636	0.612731	0.609974	0.033489	0.625467	0.000000	0.000000	5.488225
1.680000	0.610000	0.038045	0.612731	0.609973	0.033883	0.625574	0.000000	0.000000	5.527704
1.690000	0.610000	0.038456	0.612731	0.609971	0.034277	0.625680	0.000000	0.000000	5.566887
1.700000	0.610000	0.038868	0.612731	0.609970	0.034674	0.625785	0.000000	0.000000	5.605768
1.710000	0.610000	0.039282	0.612731	0.609969	0.035072	0.625889	0.000000	0.000000	5.644339
1.720000	0.610000	0.039697	0.612731	0.609968	0.035471	0.625993	0.000000	0.000000	5.682596
1.730000	0.610000	0.040114	0.612731	0.609967	0.035873	0.626097	0.000000	0.000000	5.720532
1.740000	0.610000	0.040532	0.612731	0.609965	0.036275	0.626199	0.000000	0.000000	5.758140
1.750000	0.610000	0.040951	0.612731	0.609964	0.036679	0.626301	0.000000	0.000000	5.795416
1.760000	0.610000	0.041371	0.612731	0.609963	0.037085	0.626402	0.000000	0.000000	5.832353
1.770000	0.610000	0.041793	0.612731	0.609962	0.037492	0.626503	0.000000	0.000000	5.868946
1.780000	0.610000	0.042216	0.612731	0.609961	0.037901	0.626603	0.000000	0.000000	5.905188
1.790000	0.610000	0.042641	0.612731	0.609959	0.038311	0.626702	0.000000	0.000000	5.941073
1.800000	0.610000	0.043067	0.612731	0.609958	0.038723	0.626800	0.000000	0.000000	5.976598
1.810000	0.610000	0.043494	0.612731	0.609957	0.039136	0.626897	0.000000	0.000000	6.011754
1.820000	0.610000	0.043922	0.612731	0.609956	0.039550	0.626994	0.000000	0.000000	6.046538
1.830000	0.610000	0.044351	0.612731	0.609955	0.039966	0.627090	0.000000	0.000000	6.080943
1.840000	0.610000	0.044782	0.612731	0.609953	0.040384	0.627185	0.000000	0.000000	6.114965
1.850000	0.610000	0.045214	0.612731	0.609952	0.040802	0.627279	0.000000	0.000000	6.148597
1.860000	0.610000	0.045647	0.612731	0.609951	0.041222	0.627373	0.000000	0.000000	6.181835
1.870000	0.610000	0.046081	0.612731	0.609950	0.041644	0.627465	0.000000	0.000000	6.214672
1.880000	0.610000	0.046517	0.612731	0.609948	0.042066	0.627557	0.000000	0.000000	6.247105
1.890000	0.610000	0.046953	0.612731	0.609947	0.042490	0.627647	0.000000	0.000000	6.279128
1.900000	0.610000	0.047391	0.612731	0.609946	0.042915	0.627737	0.000000	0.000000	6.310735
1.910000	0.610000	0.047829	0.612731	0.609945	0.043342	0.627826	0.000000	0.000000	6.341923
1.920000	0.610000	0.048269	0.612731	0.609943	0.043770	0.627914	0.000000	0.000000	6.372685
1.930000	0.610000	0.048710	0.612731	0.609942	0.044199	0.628001	0.000000	0.000000	6.403018
1.940000	0.610000	0.049152	0.612731	0.609941	0.044629	0.628087	0.000000	0.000000	6.432915
1.950000	0.610000	0.049595	0.612731	0.609940	0.045060	0.628172	0.000000	0.000000	6.462373
1.960000	0.610000	0.050039	0.612731	0.609938	0.045493	0.628256	0.000000	0.000000	6.491387
1.970000	0.610000	0.050483	0.612731	0.609937	0.045927	0.628339	0.000000	0.000000	6.519953
1.980000	0.610000	0.050929	0.612731	0.609936	0.046362	0.628421	0.000000	0.000000	6.548065
1.990000	0.610000	0.051376	0.612731	0.609935	0.046798	0.628502	0.000000	0.000000	6.575719
2.000000	0.610000	0.051824	0.612731	0.609934	0.047235	0.628582	0.000000	0.000000	6.602912
2.010000	0.610000	0.052272	0.612731	0.609932	0.047673	0.628661	0.000000	0.000000	6.629638
2.020000	0.610000	0.052722	0.612731	0.609931	0.048113	0.628738	0.000000	0.000000	6.655894
2.030000	0.610000	0.053172	0.612731	0.609930	0.048553	0.628815	0.000000	0.000000	6.681675
2.040000	0.610000	0.053624	0.612731	0.609929	0.048995	0.628891	0.000000	0.000000	6.706977
2.050000	0.610000	0.054076	0.612731	0.609927	0.049437	0.628965	0.000000	0.000000	6.731797
2.060000	0.610000	0.054529	0.612731	0.609926	0.049881	0.629038	0.000000	0.000000	6.756130
2.070000	0.610000	0.054982	0.612731	0.609925	0.050325	0.629111	0.000000	0.000000	6.779972
2.080000	0.610000	0.055437	0.612731	0.609924	0.050771	0.629182	0.000000	0.000000	6.803320
2.090000	0.610000	0.055892	0.612731	0.609923	0.051217	0.629251	0.000000	0.000000	6.826171
2.100000	0.610000	0.056348	0.612731	0.609921	0.051665	0.629320	0.000000	0.000000	6.848519
2.110000	0.610000	0.056805	0.612731	0.609920	0.052113	0.629388	0.000000	0.000000	6.870363
2.120000	0.610000	0.057263	0.612731	0.609919	0.052562	0.629454	0.000000	0.000000	6.891698
2.130000	0.610000	0.057721	0.612731	0.609918	0.053012	0.629519	0.000000	0.000000	6.912521
2.140000	0.610000	0.058180	0.612731	0.609917	0.053463	0.629583	0.000000	0.000000	6.932829
2.150000	0.610000	0.058639	0.612731	0.609915	0.053915	0.629646	0.000000	0.000000	6.952619
2.160000	0.610000	0.059099	0.612731	0.609914	0.054368	0.629707	0.000000	0.000000	6.971887
2.170000	0.610000	0.059560	0.612731	0.609913	0.054822	0.629768	0.000000	0.000000	6.990630
2.180000	0.610000	0.060022	0.612731	0.609912	0.055276	0.629827	0.000000	0.000000	7.008846
2.190000	0.610000	0.060484	0.612731	0.609911	0.055731	0.629885	0.000000	0.000000	7.026532
2.200000	0.610000	0.060946	0.612731	0.609910	0.056187	0.629941	0.000000	0.000000	7.043684
2.210000	0.610000	0.061410	0.612731	0.609909	0.056644	0.629996	0.000000	0.000000	7.060301
2.220000	0.610000	0.061873	0.612731	0.609907	0.057101	0.630050	0.000000	0.000000	7.076379
2.230000	0.610000	0.062337	0.612731	0.609906	0.057559	0.630103	0.000000	0.000000	7.091915
2.240000	0.610000	0.062802	0.612731	0.609905	0.058018	0.630154	0.000000	0.000000	7.106909
2.250000	0.610000	0.063267	0.612731	0.609904	0.058477	0.630204	0.000000	0.000000	7.121356
2.260000	0.610000	0.063733	0.612731	0.609903	0.058937	0.630253	0.000000	0.000000	7.135256
2.270000	0.610000	0.064199	0.612731	0.609902	0.059398	0.630300	0.000000	0.000000	7.148605
2.280000	0.610000	0.064666	0.612731	0.609901	0.059859	0.630346	0.000000	0.000000	7.161401
2.290000	0.610000	0.065133	0.612731	0.609900	0.060321	0.630391	0.000000	0.000000	7.173643
2.300000	0.610000	0.065600	0.612731	0.609899	0.060784	0.630434	0.000000	0.000000	7.185329
2.310000	0.610000	0.066068	0.612731	0.609898	0.061247	0.630476	0.000000	0.000000	7.196456
2.320000	0.610000	0.066536	0.612731	0.609897	0.061711	0.630517	0.000000	0.000000	7.207023
2.330000	0.610000	0.067004	0.612731	0.609895	0.062175	0.630556	0.000000	0.000000	7.217029
2.340000	0.610000	0.067473	0.612731	0.609894	0.062640	0.630594	0.000000	0.000000	7.226471
2.350000	0.610000	0.067942	0.612731	0.609893	0.063105	0.630631	0.000000	0.000000	7.235348
2.360000	0.610000	0.068411	0.612731	0.609892	0.063571	0.630666	0.000000	0.000000	7.243660
2.370000	0.610000	0.068881	0.612731	0.609891	0.064037	0.630699	0.000000	0.000000	7.251404
2.380000	0.610000	0.069350	0.612731	0.609890	0.064503	0.630732	0.000000	0.000000	7.258579
2.390000	0.610000	0.069820	0.612731	0.609889	0.064970	0.630763	0.000000	0.000000	7.265184
2.400000	0.610000	0.070291	0.612731	0.609888	0.065438	0.630792	0.000000	0.000000	7.271219
2.410000	0.610000	0.070761	0.612731	0.609887	0.065906	0.630820	0.000000	0.000000	7.276681
2.420000	0.610000	0.071232	0.612731	0.609887	0.066374	0.630847	0.000000	0.000000	7.281571
2.430000	0.610000	0.071702	0.612731	0.609886	0.066842	0.630872	0.000000	0.000000	7.285888
2.440000	0.610000	0.072173	0.612731	0.609885	0.067311	0.630896	0.000000	0.000000	7.289630
2.450000	0.610000	0.072644	0.612731	0.609884	0.067780	0.630919	0.000000	0.000000	7.292798
2.460000	0.610000	0.073115	0.612731	0.609883	0.068250	0.630940	0.000000	0.000000	7.295390
2.470000	0.610000	0.073586	0.612731	0.609882	0.068719	0.630959	0.000000	0.000000	7.297407
2.480000	0.610000	0.074058	0.612731	0.609881	0.069189	0.630978	0.000000	0.000000	7.298847
2.490000	0.610000	0.074529	0.612731	0.609880	0.069659	0.630994	0.000000	0.000000	7.299712
2.500000	0.610000	0.075000	0.612731	0.609879	0.070130	0.631010	0.000000	0.000000	7.300000
2.510000	0.610000	0.075471	0.612731	0.609878	0.070600	0.631023	0.000000	0.000000	7.299712
2.520000	0.610000	0.075942	0.612731	0.609878	0.071071	0.631036	0.000000	0.000000	7.298847
2.530000	0.610000	0.076414	0.612731	0.609877	0.071542	0.631047	0.000000	0.000000	7.297407
2.540000	0.610000	0.076885	0.612731	0.609876	0.072013	0.631056	0.000000	0.000000	7.295390
2.550000	0.610000	0.077356	0.612731	0.609875	0.072484	0.631064	0.000000	0.000000	7.292798
2.560000	0.610000	0.077827	0.612731	0.609874	0.072956	0.631071	0.000000	0.000000	7.289630
2.570000	0.610000	0.078298	0.612731	0.609874	0.073427	0.631076	0.000000	0.000000	7.285888
2.580000	0.610000	0.078768	0.612731	0.609873	0.073899	0.631080	0.000000	0.000000	7.281571
2.590000	0.610000	0.079239	0.612731	0.609872	0.074370	0.631082	0.000000	0.000000	7.276681
2.600000	0.610000	0.079709	0.612731	0.609871	0.074842	0.631082	0.000000	0.000000	7.271219
2.610000	0.610000	0.080180	0.612731	0.609871	0.075313	0.631082	0.000000	0.000000	7.265184
2.620000	0.610000	0.080650	0.612731	0.609870	0.075785	0.631080	0.000000	0.000000	7.258579
2.630000	0.610000	0.081119	0.612731	0.609869	0.076256	0.631076	0.000000	0.000000	7.251404
2.640000	0.610000	0.081589	0.612731	0.609868	0.076728	0.631071	0.000000	0.000000	7.243660
2.650000	0.610000	0.082058	0.612731	0.609868	0.077199	0.631064	0.000000	0.000000	7.235348
2.660000	0.610000	0.082527	0.612731	0.609867	0.077671	0.631056	0.000000	0.000000	7.226471
2.670000	0.610000	0.082996	0.612731	0.609867	0.078142	0.631047	0.000000	0.000000	7.217029
2.680000	0.610000	0.083464	0.612731	0.609866	0.078613	0.631036	0.000000	0.000000	7.207023
2.690000	0.610000	0.083932	0.612731	0.609865	0.079084	0.631024	0.000000	0.000000	7.196456
2.700000	0.610000	0.084400	0.612731	0.609865	0.079555	0.631010	0.000000	0.000000	7.185329
2.710000	0.610000	0.084867	0.612731	0.609864	0.080026	0.630995	0.000000	0.000000	7.173643
2.720000	0.610000	0.085334	0.612731	0.609864	0.080496	0.630978	0.000000	0.000000	7.161401
2.730000	0.610000	0.085801	0.612731	0.609863	0.080966	0.630960	0.000000	0.000000	7.148605
2.740000	0.610000	0.086267	0.612731	0.609862	0.081436	0.630941	0.000000	0.000000	7.135256
2.750000	0.610000	0.086733	0.612731	0.609862	0.081906	0.630920	0.000000	0.000000	7.121356
2.760000	0.610000	0.087198	0.612731	0.609861	0.082376	0.630897	0.000000	0.000000	7.106909
2.770000	0.610000	0.087663	0.612731	0.609861	0.082845	0.630873	0.000000	0.000000	7.091915
2.780000	0.610000	0.088127	0.612731	0.609860	0.083314	0.630848	0.000000	0.000000	7.076379
2.790000	0.610000	0.088590	0.612731	0.609860	0.083783	0.630821	0.000000	0.000000	7.060301
2.800000	0.610000	0.089054	0.612731	0.609860	0.084251	0.630793	0.000000	0.000000	7.043684
2.810000	0.610000	0.089516	0.612731	0.609859	0.084719	0.630764	0.000000	0.000000	7.026532
2.820000	0.610000	0.089978	0.612731	0.609859	0.085186	0.630733	0.000000	0.000000	7.008846
2.830000	0.610000	0.090440	0.612731	0.609858	0.085654	0.630701	0.000000	0.000000	6.990630
2.840000	0.610000	0.090901	0.612731	0.609858	0.086120	0.630667	0.000000	0.000000	6.971887
2.850000	0.610000	0.091361	0.612731	0.609858	0.086587	0.630632	0.000000	0.000000	6.952619
2.860000	0.610000	0.091820	0.612731	0.609857	0.087052	0.630596	0.000000	0.000000	6.932829
2.870000	0.610000	0.092279	0.612731	0.609857	0.087518	0.630558	0.000000	0.000000	6.912521
2.880000	0.610000	0.092737	0.612731	0.609857	0.087983	0.630518	0.000000	0.000000	6.891698
2.890000	0.610000	0.093195	0.612731	0.609856	0.088447	0.630478	0.000000	0.000000	6.870363
2.900000	0.610000	0.093652	0.612731	0.609856	0.088911	0.630436	0.000000	0.000000	6.848519
2.910000	0.610000	0.094108	0.612731	0.609856	0.089374	0.630393	0.000000	0.000000	6.826171
2.920000	0.610000	0.094563	0.612731	0.609855	0.089837	0.630348	0.000000	0.000000	6.803320
2.930000	0.610000	0.095018	0.612731	0.609855	0.090299	0.630302	0.000000	0.000000	6.779972
2.940000	0.610000	0.095471	0.612731	0.609855	0.090761	0.630255	0.000000	0.000000	6.756130
2.950000	0.610000	0.095924	0.612731	0.609855	0.091222	0.630206	0.000000	0.000000	6.731797
2.960000	0.610000	0.096376	0.612731	0.609855	0.091682	0.630156	0.000000	0.000000	6.706977
2.970000	0.610000	0.096828	0.612731	0.609854	0.092142	0.630105	0.000000	0.000000	6.681675
2.980000	0.610000	0.097278	0.612731	0.609854	0.092601	0.630052	0.000000	0.000000	6.655894
2.990000	0.610000	0.097728	0.612731	0.609854	0.093059	0.629998	0.000000	0.000000	6.629638
3.000000	0.610000	0.098176	0.612731	0.609854	0.093517	0.629943	0.000000	0.000000	6.602912
3.010000	0.610000	0.098624	0.612731	0.609854	0.093974	0.629887	0.000000	0.000000	6.575719
3.020000	0.610000	0.099071	0.612731	0.609854	0.094430	0.629829	0.000000	0.000000	6.548065
3.030000	0.610000	0.099517	0.612731	0.609854	0.094885	0.629770	0.000000	0.000000	6.519953
3.040000	0.610000	0.099961	0.612731	0.609854	0.095340	0.629710	0.000000	0.000000	6.491387
3.050000	0.610000	0.100405	0.612731	0.609854	0.095794	0.629649	0.000000	0.000000	6.462373
3.060000	0.610000	0.100848	0.612731	0.609854	0.096247	0.629586	0.000000	0.000000	6.432915
3.070000	0.610000	0.101290	0.612731	0.609854	0.096699	0.629522	0.000000	0.000000	6.403018
3.080000	0.610000	0.101731	0.612731	0.609854	0.097150	0.629457	0.000000	0.000000	6.372685
3.090000	0.610000	0.102171	0.612731	0.609854	0.097601	0.629391	0.000000	0.000000	6.341923
3.100000	0.610000	0.102609	0.612731	0.609854	0.098050	0.629323	0.000000	0.000000	6.310735
3.110000	0.610000	0.103047	0.612731	0.609854	0.098499	0.629255	0.000000	0.000000	6.279128
3.120000	0.610000	0.103483	0.612731	0.609854	0.098947	0.629185	0.000000	0.000000	6.247105
3.130000	0.610000	0.103919	0.612731	0.609854	0.099393	0.629114	0.000000	0.000000	6.214672
3.140000	0.610000	0.104353	0.612731	0.609854	0.099839	0.629042	0.000000	0.000000	6.181835
3.150000	0.610000	0.104786	0.612731	0.609854	0.100284	0.628969	0.000000	0.000000	6.148597
3.160000	0.610000	0.105218	0.612731	0.609854	0.100728	0.628894	0.000000	0.000000	6.114965
3.170000	0.610000	0.105649	0.612731	0.609854	0.101171	0.628819	0.000000	0.000000	6.080943
3.180000	0.610000	0.106078	0.612731	0.609855	0.101613	0.628742	0.000000	0.000000	6.046538
3.190000	0.610000	0.106506	0.612731	0.609855	0.102054	0.628665	0.000000	0.000000	6.011754
3.200000	0.610000	0.106933	0.612731	0.609855	0.102493	0.628586	0.000000	0.000000	5.976598
3.210000	0.610000	0.107359	0.612731	0.609855	0.102932	0.628506	0.000000	0.000000	5.941073
3.220000	0.610000	0.107784	0.612731	0.609856	0.103369	0.628425	0.000000	0.000000	5.905188
3.230000	0.610000	0.108207	0.612731	0.609856	0.103806	0.628343	0.000000	0.000000	5.868946
3.240000	0.610000	0.108629	0.612731	0.609856	0.104241	0.628260	0.000000	0.000000	5.832353
3.250000	0.610000	0.109049	0.612731	0.609856	0.104675	0.628176	0.000000	0.000000	5.795416
3.260000	0.610000	0.109468	0.612731	0.609857	0.105108	0.628091	0.000000	0.000000	5.758140
3.270000	0.610000	0.109886	0.612731	0.609857	0.105540	0.628006	0.000000	0.000000	5.720532
3.280000	0.610000	0.110303	0.612731	0.609857	0.105971	0.627919	0.000000	0.000000	5.682596
3.290000	0.610000	0.110718	0.612731	0.609858	0.106400	0.627831	0.000000	0.000000	5.644339
3.300000	0.610000	0.111132	0.612731	0.609858	0.106828	0.627742	0.000000	0.000000	5.605768
3.310000	0.610000	0.111544	0.612731	0.609859	0.107255	0.627652	0.000000	0.000000	5.566887
3.320000	0.610000	0.111955	0.612731	0.609859	0.107681	0.627562	0.000000	0.000000	5.527704
3.330000	0.610000	0.112364	0.612731	0.609859	0.108105	0.627470	0.000000	0.000000	5.488225
3.340000	0.610000	0.112772	0.612731	0.609860	0.108528	0.627378	0.000000	0.000000	5.448455
3.350000	0.610000	0.113178	0.612731	0.609860	0.108950	0.627285	0.000000	0.000000	5.408401
3.360000	0.610000	0.113583	0.612731	0.609861	0.109370	0.627191	0.000000	0.000000	5.368069
3.370000	0.610000	0.113986	0.612731	0.609861	0.109789	0.627096	0.000000	0.000000	5.327466
3.380000	0.610000	0.114388	0.612731	0.609862	0.110207	0.627000	0.000000	0.000000	5.286599
3.390000	0.610000	0.114788	0.612731	0.609862	0.110623	0.626903	0.000000	0.000000	5.245473
3.400000	0.610000	0.115187	0.612731	0.609863	0.111038	0.626806	0.000000	0.000000	5.204094
3.410000	0.610000	0.115584	0.612731	0.609863	0.111452	0.626708	0.000000	0.000000	5.162471
3.420000	0.610000	0.115980	0.612731	0.609864	0.111864	0.626609	0.000000	0.000000	5.120608
3.430000	0.610000	0.116373	0.612731	0.609865	0.112274	0.626509	0.000000	0.000000	5.078514
3.440000	0.610000	0.116766	0.612731	0.609865	0.112684	0.626408	0.000000	0.000000	5.036194
3.450000	0.610000	0.117156	0.612731	0.609866	0.113091	0.626307	0.000000	0.000000	4.993655
3.460000	0.610000	0.117545	0.612731	0.609866	0.113497	0.626205	0.000000	0.000000	4.950903
3.470000	0.610000	0.117932	0.612731	0.609867	0.113902	0.626103	0.000000	0.000000	4.907947
3.480000	0.610000	0.118318	0.612731	0.609868	0.114305	0.626000	0.000000	0.000000	4.864791
3.490000	0.610000	0.118702	0.612731	0.609868	0.114706	0.625896	0.000000	0.000000	4.821444
3.500000	0.610000	0.119084	0.612731	0.609869	0.115106	0.625791	0.000000	0.000000	4.777912
3.510000	0.610000	0.119464	0.612731	0.609870	0.115505	0.625686	0.000000	0.000000	4.734202
3.520000	0.610000	0.119843	0.612731	0.609871	0.115902	0.625580	0.000000	0.000000	4.690320
3.530000	0.610000	0.120220	0.612731	0.609871	0.116297	0.625474	0.000000	0.000000	4.646275
3.540000	0.610000	0.120595	0.612731	0.609872	0.116690	0.625367	0.000000	0.000000	4.602071
3.550000	0.610000	0.120968	0.612731	0.609873	0.117082	0.625260	0.000000	0.000000	4.557718
3.560000	0.610000	0.121339	0.612731	0.609874	0.117473	0.625152	0.000000	0.000000	4.513221
3.570000	0.610000	0.121709	0.612731	0.609874	0.117861	0.625043	0.000000	0.000000	4.468588
3.580000	0.610000	0.122077	0.612731	0.609875	0.118248	0.624934	0.000000	0.000000	4.423826
3.590000	0.610000	0.122443	0.612731	0.609876	0.118633	0.624825	0.000000	0.000000	4.378941
3.600000	0.610000	0.122807	0.612731	0.609877	0.119017	0.624715	0.000000	0.000000	4.333942
3.610000	0.610000	0.123169	0.612731	0.609878	0.119398	0.624604	0.000000	0.000000	4.288834
3.620000	0.610000	0.123529	0.612731	0.609879	0.119778	0.624494	0.000000	0.000000	4.243626
3.630000	0.610000	0.123888	0.612731	0.609879	0.120157	0.624382	0.000000	0.000000	4.198323
3.640000	0.610000	0.124244	0.612731	0.609880	0.120533	0.624271	0.000000	0.000000	4.152935
3.650000	0.610000	0.124598	0.612731	0.609881	0.120908	0.624159	0.000000	0.000000	4.107466
3.660000	0.610000	0.124951	0.612731	0.609882	0.121281	0.624046	0.000000	0.000000	4.061926
3.670000	0.610000	0.125301	0.612731	0.609883	0.121652	0.623933	0.000000	0.000000	4.016320
3.680000	0.610000	0.125650	0.612731	0.609884	0.122021	0.623820	0.000000	0.000000	3.970657
3.690000	0.610000	0.125997	0.612731	0.609885	0.122388	0.623707	0.000000	0.000000	3.924943
3.700000	0.610000	0.126341	0.612731	0.609886	0.122754	0.623593	0.000000	0.000000	3.879185
3.710000	0.610000	0.126684	0.612731	0.609887	0.123117	0.623479	0.000000	0.000000	3.833392
3.720000	0.610000	0.127024	0.612731	0.609888	0.123479	0.623365	0.000000	0.000000	3.787569
3.730000	0.610000	0.127362	0.612731	0.609889	0.123839	0.623251	0.000000	0.000000	3.741725
3.740000	0.610000	0.127699	0.612731	0.609890	0.124196	0.623136	0.000000	0.000000	3.695866
3.750000	0.610000	0.128033	0.612731	0.609891	0.124552	0.623021	0.000000	0.000000	3.650000
3.760000	0.610000	0.128365	0.612731	0.609892	0.124906	0.622906	0.000000	0.000000	3.604134
3.770000	0.610000	0.128695	0.612731	0.609893	0.125258	0.622791	0.000000	0.000000	3.558275
3.780000	0.610000	0.129023	0.612731	0.609894	0.125608	0.622675	0.000000	0.000000	3.512431
3.790000	0.610000	0.129349	0.612731	0.609895	0.125956	0.622560	0.000000	0.000000	3.466608
3.800000	0.610000	0.129673	0.612731	0.609897	0.126302	0.622444	0.000000	0.000000	3.420815
3.810000	0.610000	0.129994	0.612731	0.609898	0.126646	0.622328	0.000000	0.000000	3.375057
3.820000	0.610000	0.130313	0.612731	0.609899	0.126988	0.622212	0.000000	0.000000	3.329343
3.830000	0.610000	0.130631	0.612731	0.609900	0.127328	0.622097	0.000000	0.000000	3.283680
3.840000	0.610000	0.130946	0.612731	0.609901	0.127666	0.621981	0.000000	0.000000	3.238074
3.850000	0.610000	0.131258	0.612731	0.609902	0.128001	0.621865	0.000000	0.000000	3.192534
3.860000	0.610000	0.131569	0.612731	0.609903	0.128335	0.621749	0.000000	0.000000	3.147065
3.870000	0.610000	0.131877	0.612731	0.609905	0.128667	0.621633	0.000000	0.000000	3.101677
3.880000	0.610000	0.132183	0.612731	0.609906	0.128996	0.621517	0.000000	0.000000	3.056374
3.890000	0.610000	0.132487	0.612731	0.609907	0.129323	0.621401	0.000000	0.000000	3.011166
3.900000	0.610000	0.132788	0.612731	0.609908	0.129648	0.621285	0.000000	0.000000	2.966058
3.910000	0.610000	0.133088	0.612731	0.609909	0.129971	0.621170	0.000000	0.000000	2.921059
3.920000	0.610000	0.133385	0.612731	0.609911	0.130292	0.621054	0.000000	0.000000	2.876174
3.930000	0.610000	0.133679	0.612731	0.609912	0.130611	0.620939	0.000000	0.000000	2.831412
3.940000	0.610000	0.133972	0.612731	0.609913	0.130927	0.620823	0.000000	0.000000	2.786779
3.950000	0.610000	0.134262	0.612731	0.609914	0.131241	0.620708	0.000000	0.000000	2.742282
3.960000	0.610000	0.134549	0.612731	0.609916	0.131553	0.620593	0.000000	0.000000	2.697929
3.970000	0.610000	0.134835	0.612731	0.609917	0.131863	0.620479	0.000000	0.000000	2.653725
3.980000	0.610000	0.135118	0.612731	0.609918	0.132171	0.620364	0.000000	0.000000	2.609680
3.990000	0.610000	0.135398	0.612731	0.609919	0.132476	0.620250	0.000000	0.000000	2.565798
4.000000	0.610000	0.135676	0.612731	0.609921	0.132779	0.620136	0.000000	0.000000	2.522088
4.010000	0.610000	0.135952	0.612731	0.609922	0.133080	0.620022	0.000000	0.000000	2.478556
4.020000	0.610000	0.136225	0.612731	0.609923	0.133378	0.619908	0.000000	0.000000	2.435209
4.030000	0.610000	0.136496	0.612731	0.609925	0.133674	0.619795	0.000000	0.000000	2.392053
4.040000	0.610000	0.136765	0.612731	0.609926	0.133968	0.619682	0.000000	0.000000	2.349097
4.050000	0.610000	0.137031	0.612731	0.609927	0.134259	0.619570	0.000000	0.000000	2.306345
4.060000	0.610000	0.137295	0.612731	0.609929	0.134549	0.619458	0.000000	0.000000	2.263806
4.070000	0.610000	0.137556	0.612731	0.609930	0.134835	0.619346	0.000000	0.000000	2.221486
4.080000	0.610000	0.137815	0.612731	0.609931	0.135120	0.619234	0.000000	0.000000	2.179392
4.090000	0.610000	0.138071	0.612731	0.609933	0.135402	0.619123	0.000000	0.000000	2.137529
4.100000	0.610000	0.138325	0.612731	0.609934	0.135681	0.619013	0.000000	0.000000	2.095906
4.110000	0.610000	0.138576	0.612731	0.609935	0.135959	0.618903	0.000000	0.000000	2.054527
4.120000	0.610000	0.138825	0.612731	0.609937	0.136234	0.618793	0.000000	0.000000	2.013401
4.130000	0.610000	0.139071	0.612731	0.609938	0.136506	0.618684	0.000000	0.000000	1.972534
4.140000	0.610000	0.139314	0.612731	0.609940	0.136776	0.618575	0.000000	0.000000	1.931931
4.150000	0.610000	0.139556	0.612731	0.609941	0.137044	0.618467	0.000000	0.000000	1.891599
4.160000	0.610000	0.139794	0.612731	0.609942	0.137309	0.618359	0.000000	0.000000	1.851545
4.170000	0.610000	0.140030	0.612731	0.609944	0.137571	0.618252	0.000000	0.000000	1.811775
4.180000	0.610000	0.140264	0.612731	0.609945	0.137832	0.618146	0.000000	0.000000	1.772296
4.190000	0.610000	0.140495	0.612731	0.609947	0.138089	0.618040	0.000000	0.000000	1.733113
4.200000	0.610000	0.140723	0.612731	0.609948	0.138344	0.617935	0.000000	0.000000	1.694232
4.210000	0.610000	0.140949	0.612731	0.609949	0.138597	0.617830	0.000000	0.000000	1.655661
4.220000	0.610000	0.141172	0.612731	0.609951	0.138847	0.617726	0.000000	0.000000	1.617404
4.230000	0.610000	0.141392	0.612731	0.609952	0.139095	0.617622	0.000000	0.000000	1.579468
4.240000	0.610000	0.141610	0.612731	0.609954	0.139340	0.617520	0.000000	0.000000	1.541860
4.250000	0.610000	0.141825	0.612731	0.609955	0.139583	0.617418	0.000000	0.000000	1.504584
4.260000	0.610000	0.142038	0.612731	0.609957	0.139823	0.617316	0.000000	0.000000	1.467647
4.270000	0.610000	0.142248	0.612731	0.609958	0.140060	0.617216	0.000000	0.000000	1.431054
4.280000	0.610000	0.142455	0.612731	0.609960	0.140295	0.617116	0.000000	0.000000	1.394812
4.290000	0.610000	0.142660	0.612731	0.609961	0.140527	0.617016	0.000000	0.000000	1.358927
4.300000	0.610000	0.142862	0.612731	0.609962	0.140757	0.616918	0.000000	0.000000	1.323402
4.310000	0.610000	0.143061	0.612731	0.609964	0.140984	0.616820	0.000000	0.000000	1.288246
4.320000	0.610000	0.143258	0.612731	0.609965	0.141209	0.616723	0.000000	0.000000	1.253462
4.330000	0.610000	0.143452	0.612731	0.609967	0.141431	0.616627	0.000000	0.000000	1.219057
4.340000	0.610000	0.143643	0.612731	0.609968	0.141650	0.616532	0.000000	0.000000	1.185035
4.350000	0.610000	0.143832	0.612731	0.609970	0.141867	0.616438	0.000000	0.000000	1.151403
4.360000	0.610000	0.144017	0.612731	0.609971	0.142081	0.616344	0.000000	0.000000	1.118165
4.370000	0.610000	0.144200	0.612731	0.609973	0.142292	0.616252	0.000000	0.000000	1.085328
4.380000	0.610000	0.144381	0.612731	0.609974	0.142501	0.616160	0.000000	0.000000	1.052895
4.390000	0.610000	0.144558	0.612731	0.609976	0.142707	0.616069	0.000000	0.000000	1.020872
4.400000	0.610000	0.144733	0.612731	0.609977	0.142910	0.615979	0.000000	0.000000	0.989265
4.410000	0.610000	0.144905	0.612731	0.609978	0.143111	0.615890	0.000000	0.000000	0.958077
4.420000	0.610000	0.145075	0.612731	0.609980	0.143309	0.615802	0.000000	0.000000	0.927315
4.430000	0.610000	0.145241	0.612731	0.609981	0.143504	0.615715	0.000000	0.000000	0.896982
4.440000	0.610000	0.145405	0.612731	0.609983	0.143697	0.615628	0.000000	0.000000	0.867085
4.450000	0.610000	0.145566	0.612731	0.609984	0.143886	0.615543	0.000000	0.000000	0.837627
4.460000	0.610000	0.145724	0.612731	0.609986	0.144074	0.615459	0.000000	0.000000	0.808613
4.470000	0.610000	0.145880	0.612731	0.609987	0.144258	0.615376	0.000000	0.000000	0.780047
4.480000	0.610000	0.146032	0.612731	0.609989	0.144440	0.615294	0.000000	0.000000	0.751935
4.490000	0.610000	0.146182	0.612731	0.609990	0.144619	0.615212	0.000000	0.000000	0.724281
4.500000	0.610000	0.146329	0.612731	0.609992	0.144795	0.615132	0.000000	0.000000	0.697088
4.510000	0.610000	0.146473	0.612731	0.609993	0.144968	0.615053	0.000000	0.000000	0.670362
4.520000	0.610000	0.146615	0.612731	0.609995	0.145139	0.614975	0.000000	0.000000	0.644106
4.530000	0.610000	0.146753	0.612731	0.609996	0.145307	0.614898	0.000000	0.000000	0.618325
4.540000	0.610000	0.146889	0.612731	0.609997	0.145472	0.614823	0.000000	0.000000	0.593023
4.550000	0.610000	0.147022	0.612731	0.609999	0.145634	0.614748	0.000000	0.000000	0.568203
4.560000	0.610000	0.147152	0.612731	0.610000	0.145793	0.614674	0.000000	0.000000	0.543870
4.570000	0.610000	0.147279	0.612731	0.610002	0.145950	0.614602	0.000000	0.000000	0.520028
4.580000	0.610000	0.147404	0.612731	0.610003	0.146104	0.614531	0.000000	0.000000	0.496680
4.590000	0.610000	0.147525	0.612731	0.610005	0.146255	0.614460	0.000000	0.000000	0.473829
4.600000	0.610000	0.147644	0.612731	0.610006	0.146403	0.614391	0.000000	0.000000	0.451481
4.610000	0.610000	0.147759	0.612731	0.610007	0.146549	0.614324	0.000000	0.000000	0.429637
4.620000	0.610000	0.147872	0.612731	0.610009	0.146692	0.614257	0.000000	0.000000	0.408302
4.630000	0.610000	0.147982	0.612731	0.610010	0.146831	0.614192	0.000000	0.000000	0.387479
4.640000	0.610000	0.148090	0.612731	0.610012	0.146968	0.614127	0.000000	0.000000	0.367171
4.650000	0.610000	0.148194	0.612731	0.610013	0.147102	0.614064	0.000000	0.000000	0.347381
4.660000	0.610000	0.148295	0.612731	0.610014	0.147234	0.614003	0.000000	0.000000	0.328113
4.670000	0.610000	0.148394	0.612731	0.610016	0.147362	0.613942	0.000000	0.000000	0.309370
4.680000	0.610000	0.148489	0.612731	0.610017	0.147488	0.613883	0.000000	0.000000	0.291154
4.690000	0.610000	0.148582	0.612731	0.610019	0.147610	0.613825	0.000000	0.000000	0.273468
4.700000	0.610000	0.148672	0.612731	0.610020	0.147730	0.613768	0.000000	0.000000	0.256316
4.710000	0.610000	0.148758	0.612731	0.610021	0.147847	0.613713	0.000000	0.000000	0.239699
4.720000	0.610000	0.148842	0.612731	0.610023	0.147961	0.613658	0.000000	0.000000	0.223621
4.730000	0.610000	0.148923	0.612731	0.610024	0.148072	0.613605	0.000000	0.000000	0.208085
4.740000	0.610000	0.149001	0.612731	0.610025	0.148180	0.613554	0.000000	0.000000	0.193091
4.750000	0.610000	0.149077	0.612731	0.610027	0.148286	0.613504	0.000000	0.000000	0.178644
4.760000	0.610000	0.149149	0.612731	0.610028	0.148388	0.613455	0.000000	0.000000	0.164744
4.770000	0.610000	0.149218	0.612731	0.610029	0.148488	0.613407	0.000000	0.000000	0.151395
4.780000	0.610000	0.149285	0.612731	0.610031	0.148584	0.613361	0.000000	0.000000	0.138599
4.790000	0.610000	0.149348	0.612731	0.610032	0.148678	0.613316	0.000000	0.000000	0.126357
4.800000	0.610000	0.149409	0.612731	0.610033	0.148769	0.613272	0.000000	0.000000	0.114671
4.810000	0.610000	0.149466	0.612731	0.610035	0.148857	0.613230	0.000000	0.000000	0.103544
4.820000	0.610000	0.149521	0.612731	0.610036	0.148942	0.613189	0.000000	0.000000	0.092977
4.830000	0.610000	0.149573	0.612731	0.610037	0.149024	0.613149	0.000000	0.000000	0.082971
4.840000	0.610000	0.149621	0.612731	0.610039	0.149103	0.613111	0.000000	0.000000	0.073529
4.850000	0.610000	0.149667	0.612731	0.610040	0.149179	0.613074	0.000000	0.000000	0.064652
4.860000	0.610000	0.149710	0.612731	0.610041	0.149253	0.613039	0.000000	0.000000	0.056340
4.870000	0.610000	0.149750	0.612731	0.610042	0.149323	0.613005	0.000000	0.000000	0.048596
4.880000	0.610000	0.149787	0.612731	0.610044	0.149390	0.612972	0.000000	0.000000	0.041421
4.890000	0.610000	0.149821	0.612731	0.610045	0.149455	0.612941	0.000000	0.000000	0.034816
4.900000	0.610000	0.149852	0.612731	0.610046	0.149516	0.612911	0.000000	0.000000	0.028781
4.910000	0.610000	0.149880	0.612731	0.610047	0.149575	0.612883	0.000000	0.000000	0.023319
4.920000	0.610000	0.149905	0.612731	0.610048	0.149631	0.612856	0.000000	0.000000	0.018429
4.930000	0.610000	0.149927	0.612731	0.610050	0.149683	0.612830	0.000000	0.000000	0.014112
4.940000	0.610000	0.149947	0.612731	0.610051	0.149733	0.612806	0.000000	0.000000	0.010370
4.950000	0.610000	0.149963	0.612731	0.610052	0.149780	0.612783	0.000000	0.000000	0.007202
4.960000	0.610000	0.149976	0.612731	0.610053	0.149824	0.612762	0.000000	0.000000	0.004610
4.970000	0.610000	0.149987	0.612731	0.610054	0.149864	0.612742	0.000000	0.000000	0.002593
4.980000	0.610000	0.149994	0.612731	0.610055	0.149902	0.612724	0.000000	0.000000	0.001153
4.990000	0.610000	0.149999	0.612731	0.610057	0.149937	0.612707	0.000000	0.000000	0.000288
5.000000	0.610000	0.150000	0.612731	0.610058	0.149969	0.612691	0.000000	0.000000	0.000000
5.010000	0.610000	0.149999	0.612731	0.610059	0.149998	0.612677	0.000000	0.000000	0.000000
5.020000	0.610000	0.149994	0.612731	0.610060	0.150024	0.612664	0.000000	0.000000	0.000000
5.030000	0.610000	0.149987	0.612731	0.610061	0.150047	0.612653	0.000000	0.000000	0.000000
5.040000	0.610000	0.149976	0.612731	0.610062	0.150067	0.612643	0.000000	0.000000	0.000000
5.050000	0.610000	0.149963	0.612731	0.610063	0.150084	0.612635	0.000000	0.000000	0.000000
5.060000	0.610000	0.149947	0.612731	0.610064	0.150098	0.612627	0.000000	0.000000	0.000000
5.070000	0.610000	0.149927	0.612731	0.610065	0.150109	0.612621	0.000000	0.000000	0.000000
5.080000	0.610000	0.149905	0.612731	0.610066	0.150117	0.612617	0.000000	0.000000	0.000000
5.090000	0.610000	0.149880	0.612731	0.610067	0.150122	0.612613	0.000000	0.000000	0.000000
5.100000	0.610000	0.149852	0.612731	0.610068	0.150123	0.612610	0.000000	0.000000	0.000000
5.110000	0.610000	0.149821	0.612731	0.610069	0.150122	0.612608	0.000000	0.000000	0.000000
5.120000	0.610000	0.149787	0.612731	0.610069	0.150118	0.612607	0.000000	0.000000	0.000000
5.130000	0.610000	0.149750	0.612731	0.610070	0.150110	0.612607	0.000000	0.000000	0.000000
5.140000	0.610000	0.149710	0.612731	0.610071	0.150100	0.612607	0.000000	0.000000	0.000000
5.150000	0.610000	0.149667	0.612731	0.610071	0.150086	0.612609	0.000000	0.000000	0.000000
5.160000	0.610000	0.149621	0.612731	0.610072	0.150070	0.612610	0.000000	0.000000	0.000000
5.170000	0.610000	0.149573	0.612731	0.610073	0.150050	0.612613	0.000000	0.000000	0.000000
5.180000	0.610000	0.149521	0.612731	0.610073	0.150028	0.612615	0.000000	0.000000	0.000000
5.190000	0.610000	0.149466	0.612731	0.610074	0.150003	0.612618	0.000000	0.000000	0.000000
5.200000	0.610000	0.149409	0.612731	0.610074	0.149974	0.612621	0.000000	0.000000	0.000000
5.210000	0.610000	0.149348	0.612731	0.610074	0.149943	0.612625	0.000000	0.000000	0.000000
5.220000	0.610000	0.149285	0.612731	0.610075	0.149909	0.612629	0.000000	0.000000	0.000000
5.230000	0.610000	0.149218	0.612731	0.610075	0.149871	0.612633	0.000000	0.000000	0.000000
5.240000	0.610000	0.149149	0.612731	0.610075	0.149831	0.612637	0.000000	0.000000	0.000000
5.250000	0.610000	0.149077	0.612731	0.610075	0.149788	0.612641	0.000000	0.000000	0.000000
5.260000	0.610000	0.149001	0.612731	0.610076	0.149742	0.612645	0.000000	0.000000	0.000000
5.270000	0.610000	0.148923	0.612731	0.610076	0.149693	0.612648	0.000000	0.000000	0.000000
5.280000	0.610000	0.148842	0.612731	0.610076	0.149641	0.612652	0.000000	0.000000	0.000000
5.290000	0.610000	0.148758	0.612731	0.610076	0.149587	0.612656	0.000000	0.000000	0.000000
5.300000	0.610000	0.148672	0.612731	0.610076	0.149529	0.612660	0.000000	0.000000	0.000000
5.310000	0.610000	0.148582	0.612731	0.610076	0.149468	0.612664	0.000000	0.000000	0.000000
5.320000	0.610000	0.148489	0.612731	0.610076	0.149405	0.612667	0.000000	0.000000	0.000000
5.330000	0.610000	0.148394	0.612731	0.610076	0.149339	0.612670	0.000000	0.000000	0.000000
5.340000	0.610000	0.148295	0.612731	0.610075	0.149269	0.612673	0.000000	0.000000	0.000000
5.350000	0.610000	0.148194	0.612731	0.610075	0.149197	0.612676	0.000000	0.000000	0.000000
5.360000	0.610000	0.148090	0.612731	0.610075	0.149122	0.612679	0.000000	0.000000	0.000000
5.370000	0.610000	0.147982	0.612731	0.610075	0.149044	0.612682	0.000000	0.000000	0.000000
5.380000	0.610000	0.147872	0.612731	0.610075	0.148964	0.612684	0.000000	0.000000	0.000000
5.390000	0.610000	0.147759	0.612731	0.610075	0.148880	0.612686	0.000000	0.000000	0.000000
5.400000	0.610000	0.147644	0.612731	0.610074	0.148793	0.612688	0.000000	0.000000	0.000000
5.410000	0.610000	0.147525	0.612731	0.610074	0.148704	0.612690	0.000000	0.000000	0.000000
5.420000	0.610000	0.147404	0.612731	0.610074	0.148612	0.612692	0.000000	0.000000	0.000000
5.430000	0.610000	0.147279	0.612731	0.610074	0.148517	0.612694	0.000000	0.000000	0.000000
5.440000	0.610000	0.147152	0.612731	0.610073	0.148419	0.612695	0.000000	0.000000	0.000000
5.450000	0.610000	0.147022	0.612731	0.610073	0.148318	0.612696	0.000000	0.000000	0.000000
5.460000	0.610000	0.146889	0.612731	0.610073	0.148214	0.612697	0.000000	0.000000	0.000000
5.470000	0.610000	0.146753	0.612731	0.610073	0.148107	0.612698	0.000000	0.000000	0.000000
5.480000	0.610000	0.146615	0.612731	0.610072	0.147998	0.612699	0.000000	0.000000	0.000000
5.490000	0.610000	0.146473	0.612731	0.610072	0.147886	0.612700	0.000000	0.000000	0.000000
5.500000	0.610000	0.146329	0.612731	0.610072	0.147770	0.612701	0.000000	0.000000	0.000000
5.510000	0.610000	0.146182	0.612731	0.610071	0.147652	0.612701	0.000000	0.000000	0.000000
5.520000	0.610000	0.146032	0.612731	0.610071	0.147532	0.612702	0.000000	0.000000	0.000000
5.530000	0.610000	0.145880	0.612731	0.610071	0.147408	0.612702	0.000000	0.000000	0.000000
5.540000	0.610000	0.145724	0.612731	0.610071	0.147281	0.612703	0.000000	0.000000	0.000000
5.550000	0.610000	0.145566	0.612731	0.610070	0.147152	0.612703	0.000000	0.000000	0.000000
5.560000	0.610000	0.145405	0.612731	0.610070	0.147019	0.612703	0.000000	0.000000	0.000000
5.570000	0.610000	0.145241	0.612731	0.610070	0.146884	0.612704	0.000000	0.000000	0.000000
5.580000	0.610000	0.145075	0.612731	0.610070	0.146746	0.612704	0.000000	0.000000	0.000000
5.590000	0.610000	0.144905	0.612731	0.610069	0.146606	0.612704	0.000000	0.000000	0.000000
5.600000	0.610000	0.144733	0.612731	0.610069	0.146462	0.612704	0.000000	0.000000	0.000000
5.610000	0.610000	0.144558	0.612731	0.610069	0.146315	0.612704	0.000000	0.000000	0.000000
5.620000	0.610000	0.144381	0.612731	0.610069	0.146166	0.612705	0.000000	0.000000	0.000000
5.630000	0.610000	0.144200	0.612731	0.610068	0.146014	0.612705	0.000000	0.000000	0.000000
5.640000	0.610000	0.144017	0.612731	0.610068	0.145859	0.612705	0.000000	0.000000	0.000000
5.650000	0.610000	0.143832	0.612731	0.610068	0.145702	0.612705	0.000000	0.000000	0.000000
5.660000	0.610000	0.143643	0.612731	0.610068	0.145541	0.612706	0.000000	0.000000	0.000000
5.670000	0.610000	0.143452	0.612731	0.610067	0.145378	0.612706	0.000000	0.000000	0.000000
5.680000	0.610000	0.143258	0.612731	0.610067	0.145212	0.612706	0.000000	0.000000	0.000000
5.690000	0.610000	0.143061	0.612731	0.610067	0.145043	0.612706	0.000000	0.000000	0.000000
5.700000	0.610000	0.142862	0.612731	0.610067	0.144871	0.612707	0.000000	0.000000	0.000000
5.710000	0.610000	0.142660	0.612731	0.610066	0.144697	0.612707	0.000000	0.000000	0.000000
5.720000	0.610000	0.142455	0.612731	0.610066	0.144520	0.612707	0.000000	0.000000	0.000000
5.730000	0.610000	0.142248	0.612731	0.610066	0.144340	0.612708	0.000000	0.000000	0.000000
5.740000	0.610000	0.142038	0.612731	0.610066	0.144157	0.612708	0.000000	0.000000	0.000000
5.750000	0.610000	0.141825	0.612731	0.610065	0.143972	0.612709	0.000000	0.000000	0.000000
5.760000	0.610000	0.141610	0.612731	0.610065	0.143784	0.612709	0.000000	0.000000	0.000000
5.770000	0.610000	0.141392	0.612731	0.610065	0.143593	0.612710	0.000000	0.000000	0.000000
5.780000	0.610000	0.141172	0.612731	0.610065	0.143400	0.612710	0.000000	0.000000	0.000000
5.790000	0.610000	0.140949	0.612731	0.610064	0.143204	0.612711	0.000000	0.000000	0.000000
5.800000	0.610000	0.140723	0.612731	0.610064	0.143005	0.612711	0.000000	0.000000	0.000000
5.810000	0.610000	0.140495	0.612731	0.610064	0.142803	0.612712	0.000000	0.000000	0.000000
5.820000	0.610000	0.140264	0.612731	0.610063	0.142599	0.612712	0.000000	0.000000	0.000000
5.830000	0.610000	0.140030	0.612731	0.610063	0.142392	0.612713	0.000000	0.000000	0.000000
5.840000	0.610000	0.139794	0.612731	0.610063	0.142182	0.612714	0.000000	0.000000	0.000000
5.850000	0.610000	0.139556	0.612731	0.610063	0.141970	0.612714	0.000000	0.000000	0.000000
5.860000	0.610000	0.139314	0.612731	0.610062	0.141755	0.612715	0.000000	0.000000	0.000000
5.870000	0.610000	0.139071	0.612731	0.610062	0.141538	0.612716	0.000000	0.000000	0.000000
5.880000	0.610000	0.138825	0.612731	0.610062	0.141318	0.612716	0.000000	0.000000	0.000000
5.890000	0.610000	0.138576	0.612731	0.610062	0.141095	0.612717	0.000000	0.000000	0.000000
5.900000	0.610000	0.138325	0.612731	0.610061	0.140869	0.612718	0.000000	0.000000	0.000000
5.910000	0.610000	0.138071	0.612731	0.610061	0.140641	0.612718	0.000000	0.000000	0.000000
5.920000	0.610000	0.137815	0.612731	0.610061	0.140411	0.612719	0.000000	0.000000	0.000000
5.930000	0.610000	0.137556	0.612731	0.610060	0.140178	0.612720	0.000000	0.000000	0.000000
5.940000	0.610000	0.137295	0.612731	0.610060	0.139942	0.612720	0.000000	0.000000	0.000000
5.950000	0.610000	0.137031	0.612731	0.610060	0.139704	0.612721	0.000000	0.000000	0.000000
5.960000	0.610000	0.136765	0.612731	0.610059	0.139463	0.612722	0.000000	0.000000	0.000000
5.970000	0.610000	0.136496	0.612731	0.610059	0.139219	0.612722	0.000000	0.000000	0.000000
5.980000	0.610000	0.136225	0.612731	0.610059	0.138973	0.612723	0.000000	0.000000	0.000000
5.990000	0.610000	0.135952	0.612731	0.610058	0.138725	0.612724	0.000000	0.000000	0.000000
6.000000	0.610000	0.135676	0.612731	0.610058	0.138474	0.612724	0.000000	0.000000	0.000000
6.010000	0.610000	0.135398	0.612731	0.610058	0.138221	0.612725	0.000000	0.000000	0.000000
6.020000	0.610000	0.135118	0.612731	0.610057	0.137965	0.612726	0.000000	0.000000	0.000000
6.030000	0.610000	0.134835	0.612731	0.610057	0.137706	0.612726	0.000000	0.000000	0.000000
6.040000	0.610000	0.134549	0.612731	0.610057	0.137445	0.612727	0.000000	0.000000	0.000000
6.050000	0.610000	0.134262	0.612731	0.610056	0.137182	0.612728	0.000000	0.000000	0.000000
6.060000	0.610000	0.133972	0.612731	0.610056	0.136916	0.612728	0.000000	0.000000	0.000000
6.070000	0.610000	0.133679	0.612731	0.610056	0.136648	0.612729	0.000000	0.000000	0.000000
6.080000	0.610000	0.133385	0.612731	0.610055	0.136377	0.612730	0.000000	0.000000	0.000000
6.090000	0.610000	0.133088	0.612731	0.610055	0.136104	0.612730	0.000000	0.000000	0.000000
6.100000	0.610000	0.132788	0.612731	0.610054	0.135829	0.612731	0.000000	0.000000	0.000000
6.110000	0.610000	0.132487	0.612731	0.610054	0.135551	0.612731	0.000000	0.000000	0.000000
6.120000	0.610000	0.132183	0.612731	0.610054	0.135270	0.612732	0.000000	0.000000	0.000000
6.130000	0.610000	0.131877	0.612731	0.610053	0.134988	0.612733	0.000000	0.000000	0.000000
6.140000	0.610000	0.131569	0.612731	0.610053	0.134703	0.612733	0.000000	0.000000	0.000000
6.150000	0.610000	0.131258	0.612731	0.610053	0.134415	0.612734	0.000000	0.000000	0.000000
6.160000	0.610000	0.130946	0.612731	0.610052	0.134125	0.612734	0.000000	0.000000	0.000000
6.170000	0.610000	0.130631	0.612731	0.610052	0.133833	0.612735	0.000000	0.000000	0.000000
6.180000	0.610000	0.130313	0.612731	0.610051	0.133539	0.612736	0.000000	0.000000	0.000000
6.190000	0.610000	0.129994	0.612731	0.610051	0.133242	0.612736	0.000000	0.000000	0.000000
6.200000	0.610000	0.129673	0.612731	0.610050	0.132943	0.612737	0.000000	0.000000	0.000000
6.210000	0.610000	0.129349	0.612731	0.610050	0.132642	0.612737	0.000000	0.000000	0.000000
6.220000	0.610000	0.129023	0.612731	0.610050	0.132338	0.612738	0.000000	0.000000	0.000000
6.230000	0.610000	0.128695	0.612731	0.610049	0.132032	0.612738	0.000000	0.000000	0.000000
6.240000	0.610000	0.128365	0.612731	0.610049	0.131724	0.612739	0.000000	0.000000	0.000000
6.250000	0.610000	0.128033	0.612731	0.610048	0.131414	0.612739	0.000000	0.000000	0.000000
6.260000	0.610000	0.127699	0.612731	0.610048	0.131101	0.612740	0.000000	0.000000	0.000000
6.270000	0.610000	0.127362	0.612731	0.610047	0.130787	0.612741	0.000000	0.000000	0.000000
6.280000	0.610000	0.127024	0.612731	0.610047	0.130470	0.612741	0.000000	0.000000	0.000000
6.290000	0.610000	0.126684	0.612731	0.610047	0.130151	0.612742	0.000000	0.000000	0.000000
6.300000	0.610000	0.126341	0.612731	0.610046	0.129829	0.612742	0.000000	0.000000	0.000000
6.310000	0.610000	0.125997	0.612731	0.610046	0.129506	0.612743	0.000000	0.000000	0.000000
6.320000	0.610000	0.125650	0.612731	0.610045	0.129180	0.612743	0.000000	0.000000	0.000000
6.330000	0.610000	0.125301	0.612731	0.610045	0.128852	0.612744	0.000000	0.000000	0.000000
6.340000	0.610000	0.124951	0.612731	0.610044	0.128522	0.612744	0.000000	0.000000	0.000000
6.350000	0.610000	0.124598	0.612731	0.610044	0.128190	0.612745	0.000000	0.000000	0.000000
6.360000	0.610000	0.124244	0.612731	0.610043	0.127856	0.612745	0.000000	0.000000	0.000000
6.370000	0.610000	0.123888	0.612731	0.610043	0.127520	0.612746	0.000000	0.000000	0.000000
6.380000	0.610000	0.123529	0.612731	0.610042	0.127182	0.612746	0.000000	0.000000	0.000000
6.390000	0.610000	0.123169	0.612731	0.610042	0.126841	0.612746	0.000000	0.000000	0.000000
6.400000	0.610000	0.122807	0.612731	0.610041	0.126499	0.612747	0.000000	0.000000	0.000000
6.410000	0.610000	0.122443	0.612731	0.610041	0.126155	0.612747	0.000000	0.000000	0.000000
6.420000	0.610000	0.122077	0.612731	0.610040	0.125808	0.612748	0.000000	0.000000	0.000000
6.430000	0.610000	0.121709	0.612731	0.610040	0.125460	0.612748	0.000000	0.000000	0.000000
6.440000	0.610000	0.121339	0.612731	0.610039	0.125109	0.612749	0.000000	0.000000	0.000000
6.450000	0.610000	0.120968	0.612731	0.610039	0.124757	0.612749	0.000000	0.000000	0.000000
6.460000	0.610000	0.120595	0.612731	0.610038	0.124403	0.612750	0.000000	0.000000	0.000000
6.470000	0.610000	0.120220	0.612731	0.610038	0.124046	0.612750	0.000000	0.000000	0.000000
6.480000	0.610000	0.119843	0.612731	0.610037	0.123688	0.612751	0.000000	0.000000	0.000000
6.490000	0.610000	0.119464	0.612731	0.610037	0.123328	0.612751	0.000000	0.000000	0.000000
6.500000	0.610000	0.119084	0.612731	0.610036	0.122966	0.612751	0.000000	0.000000	0.000000
6.510000	0.610000	0.118702	0.612731	0.610036	0.122602	0.612752	0.000000	0.000000	0.000000
6.520000	0.610000	0.118318	0.612731	0.610035	0.122236	0.612752	0.000000	0.000000	0.000000
6.530000	0.610000	0.117932	0.612731	0.610035	0.121868	0.612753	0.000000	0.000000	0.000000
6.540000	0.610000	0.117545	0.612731	0.610034	0.121499	0.612753	0.000000	0.000000	0.000000
6.550000	0.610000	0.117156	0.612731	0.610034	0.121128	0.612753	0.000000	0.000000	0.000000
6.560000	0.610000	0.116766	0.612731	0.610033	0.120754	0.612754	0.000000	0.000000	0.000000
6.570000	0.610000	0.116373	0.612731	0.610033	0.120379	0.612754	0.000000	0.000000	0.000000
6.580000	0.610000	0.115980	0.612731	0.610032	0.120003	0.612755	0.000000	0.000000	0.000000
6.590000	0.610000	0.115584	0.612731	0.610032	0.119624	0.612755	0.000000	0.000000	0.000000
6.600000	0.610000	0.115187	0.612731	0.610031	0.119244	0.612755	0.000000	0.000000	0.000000
6.610000	0.610000	0.114788	0.612731	0.610031	0.118862	0.612756	0.000000	0.000000	0.000000
6.620000	0.610000	0.114388	0.612731	0.610030	0.118478	0.612756	0.000000	0.000000	0.000000
6.630000	0.610000	0.113986	0.612731	0.610030	0.118092	0.612756	0.000000	0.000000	0.000000
6.640000	0.610000	0.113583	0.612731	0.610029	0.117705	0.612757	0.000000	0.000000	0.000000
6.650000	0.610000	0.113178	0.612731	0.610029	0.117316	0.612757	0.000000	0.000000	0.000000
6.660000	0.610000	0.112772	0.612731	0.610028	0.116926	0.612757	0.000000	0.000000	0.000000
6.670000	0.610000	0.112364	0.612731	0.610027	0.116533	0.612758	0.000000	0.000000	0.000000
6.680000	0.610000	0.111955	0.612731	0.610027	0.116139	0.612758	0.000000	0.000000	0.000000
6.690000	0.610000	0.111544	0.612731	0.610026	0.115744	0.612758	0.000000	0.000000	0.000000
6.700000	0.610000	0.111132	0.612731	0.610026	0.115347	0.612759	0.000000	0.000000	0.000000
6.710000	0.610000	0.110718	0.612731	0.610025	0.114948	0.612759	0.000000	0.000000	0.000000
6.720000	0.610000	0.110303	0.612731	0.610025	0.114548	0.612759	0.000000	0.000000	0.000000
6.730000	0.610000	0.109886	0.612731	0.610024	0.114146	0.612760	0.000000	0.000000	0.000000
6.740000	0.610000	0.109468	0.612731	0.610024	0.113743	0.612760	0.000000	0.000000	0.000000
6.750000	0.610000	0.109049	0.612731	0.610023	0.113338	0.612760	0.000000	0.000000	0.000000
6.760000	0.610000	0.108629	0.612731	0.610022	0.112931	0.612760	0.000000	0.000000	0.000000
6.770000	0.610000	0.108207	0.612731	0.610022	0.112524	0.612761	0.000000	0.000000	0.000000
6.780000	0.610000	0.107784	0.612731	0.610021	0.112114	0.612761	0.000000	0.000000	0.000000
6.790000	0.610000	0.107359	0.612731	0.610021	0.111703	0.612761	0.000000	0.000000	0.000000
6.800000	0.610000	0.106933	0.612731	0.610020	0.111291	0.612762	0.000000	0.000000	0.000000
6.810000	0.610000	0.106506	0.612731	0.610020	0.110877	0.612762	0.000000	0.000000	0.000000
6.820000	0.610000	0.106078	0.612731	0.610019	0.110462	0.612762	0.000000	0.000000	0.000000
6.830000	0.610000	0.105649	0.612731	0.610019	0.110046	0.612762	0.000000	0.000000	0.000000
6.840000	0.610000	0.105218	0.612731	0.610018	0.109628	0.612763	0.000000	0.000000	0.000000
6.850000	0.610000	0.104786	0.612731	0.610017	0.109208	0.612763	0.000000	0.000000	0.000000
6.860000	0.610000	0.104353	0.612731	0.610017	0.108788	0.612763	0.000000	0.000000	0.000000
6.870000	0.610000	0.103919	0.612731	0.610016	0.108366	0.612763	0.000000	0.000000	0.000000
6.880000	0.610000	0.103483	0.612731	0.610016	0.107942	0.612763	0.000000	0.000000	0.000000
6.890000	0.610000	0.103047	0.612731	0.610015	0.107518	0.612764	0.000000	0.000000	0.000000
6.900000	0.610000	0.102609	0.612731	0.610015	0.107092	0.612764	0.000000	0.000000	0.000000
6.910000	0.610000	0.102171	0.612731	0.610014	0.106665	0.612764	0.000000	0.000000	0.000000
6.920000	0.610000	0.101731	0.612731	0.610013	0.106236	0.612764	0.000000	0.000000	0.000000
6.930000	0.610000	0.101290	0.612731	0.610013	0.105807	0.612764	0.000000	0.000000	0.000000
6.940000	0.610000	0.100848	0.612731	0.610012	0.105376	0.612765	0.000000	0.000000	0.000000
6.950000	0.610000	0.100405	0.612731	0.610012	0.104944	0.612765	0.000000	0.000000	0.000000
6.960000	0.610000	0.099961	0.612731	0.610011	0.104511	0.612765	0.000000	0.000000	0.000000
6.970000	0.610000	0.099517	0.612731	0.610011	0.104076	0.612765	0.000000	0.000000	0.000000
6.980000	0.610000	0.099071	0.612731	0.610010	0.103641	0.612765	0.000000	0.000000	0.000000
6.990000	0.610000	0.098624	0.612731	0.610009	0.103204	0.612765	0.000000	0.000000	0.000000
7.000000	0.610000	0.098176	0.612731	0.610009	0.102766	0.612765	0.000000	0.000000	0.000000
7.010000	0.610000	0.097728	0.612731	0.610008	0.102328	0.612766	0.000000	0.000000	0.000000
7.020000	0.610000	0.097278	0.612731	0.610008	0.101888	0.612766	0.000000	0.000000	0.000000
7.030000	0.610000	0.096828	0.612731	0.610007	0.101447	0.612766	0.000000	0.000000	0.000000
7.040000	0.610000	0.096376	0.612731	0.610007	0.101005	0.612766	0.000000	0.000000	0.000000
7.050000	0.610000	0.095924	0.612731	0.610006	0.100561	0.612766	0.000000	0.000000	0.000000
7.060000	0.610000	0.095471	0.612731	0.610006	0.100117	0.612766	0.000000	0.000000	0.000000
7.070000	0.610000	0.095018	0.612731	0.610005	0.099672	0.612766	0.000000	0.000000	0.000000
7.080000	0.610000	0.094563	0.612731	0.610004	0.099226	0.612766	0.000000	0.000000	0.000000
7.090000	0.610000	0.094108	0.612731	0.610004	0.098779	0.612766	0.000000	0.000000	0.000000
7.100000	0.610000	0.093652	0.612731	0.610003	0.098331	0.612767	0.000000	0.000000	0.000000
7.110000	0.610000	0.093195	0.612731	0.610003	0.097882	0.612767	0.000000	0.000000	0.000000
7.120000	0.610000	0.092737	0.612731	0.610002	0.097433	0.612767	0.000000	0.000000	0.000000
7.130000	0.610000	0.092279	0.612731	0.610002	0.096982	0.612767	0.000000	0.000000	0.000000
7.140000	0.610000	0.091820	0.612731	0.610001	0.096531	0.612767	0.000000	0.000000	0.000000
7.150000	0.610000	0.091361	0.612731	0.610000	0.096078	0.612767	0.000000	0.000000	0.000000
7.160000	0.610000	0.090901	0.612731	0.610000	0.095625	0.612767	0.000000	0.000000	0.000000
7.170000	0.610000	0.090440	0.612731	0.609999	0.095171	0.612767	0.000000	0.000000	0.000000
7.180000	0.610000	0.089978	0.612731	0.609999	0.094716	0.612767	0.000000	0.000000	0.000000
7.190000	0.610000	0.089516	0.612731	0.609998	0.094261	0.612767	0.000000	0.000000	0.000000
7.200000	0.610000	0.089054	0.612731	0.609998	0.093804	0.612767	0.000000	0.000000	0.000000
7.210000	0.610000	0.088590	0.612731	0.609997	0.093347	0.612767	0.000000	0.000000	0.000000
7.220000	0.610000	0.088127	0.612731	0.609997	0.092889	0.612767	0.000000	0.000000	0.000000
7.230000	0.610000	0.087663	0.612731	0.609996	0.092431	0.612767	0.000000	0.000000	0.000000
7.240000	0.610000	0.087198	0.612731	0.609996	0.091972	0.612767	0.000000	0.000000	0.000000
7.250000	0.610000	0.086733	0.612731	0.609995	0.091512	0.612767	0.000000	0.000000	0.000000
7.260000	0.610000	0.086267	0.612731	0.609994	0.091051	0.612767	0.000000	0.000000	0.000000
7.270000	0.610000	0.085801	0.612731	0.609994	0.090590	0.612767	0.000000	0.000000	0.000000
7.280000	0.610000	0.085334	0.612731	0.609993	0.090128	0.612767	0.000000	0.000000	0.000000
7.290000	0.610000	0.084867	0.612731	0.609993	0.089666	0.612767	0.000000	0.000000	0.000000
7.300000	0.610000	0.084400	0.612731	0.609992	0.089203	0.612767	0.000000	0.000000	0.000000
7.310000	0.610000	0.083932	0.612731	0.609992	0.088739	0.612767	0.000000	0.000000	0.000000
7.320000	0.610000	0.083464	0.612731	0.609991	0.088275	0.612767	0.000000	0.000000	0.000000
7.330000	0.610000	0.082996	0.612731	0.609991	0.087811	0.612767	0.000000	0.000000	0.000000
7.340000	0.610000	0.082527	0.612731	0.609990	0.087346	0.612767	0.000000	0.000000	0.000000
7.350000	0.610000	0.082058	0.612731	0.609990	0.086880	0.612767	0.000000	0.000000	0.000000
7.360000	0.610000	0.081589	0.612731	0.609989	0.086414	0.612767	0.000000	0.000000	0.000000
7.370000	0.610000	0.081119	0.612731	0.609989	0.085948	0.612767	0.000000	0.000000	0.000000
7.380000	0.610000	0.080650	0.612731	0.609988	0.085481	0.612767	0.000000	0.000000	0.000000
7.390000	0.610000	0.080180	0.612731	0.609988	0.085013	0.612767	0.000000	0.000000	0.000000
7.400000	0.610000	0.079709	0.612731	0.609987	0.084546	0.612767	0.000000	0.000000	0.000000
7.410000	0.610000	0.079239	0.612731	0.609987	0.084078	0.612767	0.000000	0.000000	0.000000
7.420000	0.610000	0.078768	0.612731	0.609986	0.083609	0.612767	0.000000	0.000000	0.000000
7.430000	0.610000	0.078298	0.612731	0.609986	0.083140	0.612767	0.000000	0.000000	0.000000
7.440000	0.610000	0.077827	0.612731	0.609985	0.082671	0.612766	0.000000	0.000000	0.000000
7.450000	0.610000	0.077356	0.612731	0.609985	0.082202	0.612766	0.000000	0.000000	0.000000
7.460000	0.610000	0.076885	0.612731	0.609984	0.081732	0.612766	0.000000	0.000000	0.000000
7.470000	0.610000	0.076414	0.612731	0.609984	0.081262	0.612766	0.000000	0.000000	0.000000
7.480000	0.610000	0.075942	0.612731	0.609983	0.080792	0.612766	0.000000	0.000000	0.000000
7.490000	0.610000	0.075471	0.612731	0.609983	0.080321	0.612766	0.000000	0.000000	0.000000
7.500000	0.610000	0.075000	0.612731	0.609982	0.079851	0.612766	0.000000	0.000000	0.000000
7.510000	0.610000	0.074529	0.612731	0.609982	0.079380	0.612766	0.000000	0.000000	0.000000
7.520000	0.610000	0.074058	0.612731	0.609981	0.078909	0.612766	0.000000	0.000000	0.000000
7.530000	0.610000	0.073586	0.612731	0.609981	0.078438	0.612766	0.000000	0.000000	0.000000
7.540000	0.610000	0.073115	0.612731	0.609981	0.077966	0.612765	0.000000	0.000000	0.000000
7.550000	0.610000	0.072644	0.612731	0.609980	0.077495	0.612765	0.000000	0.000000	0.000000
7.560000	0.610000	0.072173	0.612731	0.609980	0.077023	0.612765	0.000000	0.000000	0.000000
7.570000	0.610000	0.071702	0.612731	0.609979	0.076552	0.612765	0.000000	0.000000	0.000000
7.580000	0.610000	0.071232	0.612731	0.609979	0.076080	0.612765	0.000000	0.000000	0.000000
7.590000	0.610000	0.070761	0.612731	0.609978	0.075608	0.612765	0.000000	0.000000	0.000000
7.600000	0.610000	0.070291	0.612731	0.609978	0.075137	0.612765	0.000000	0.000000	0.000000
7.610000	0.610000	0.069820	0.612731	0.609977	0.074665	0.612764	0.000000	0.000000	0.000000
7.620000	0.610000	0.069350	0.612731	0.609977	0.074193	0.612764	0.000000	0.000000	0.000000
7.630000	0.610000	0.068881	0.612731	0.609977	0.073721	0.612764	0.000000	0.000000	0.000000
7.640000	0.610000	0.068411	0.612731	0.609976	0.073250	0.612764	0.000000	0.000000	0.000000
7.650000	0.610000	0.067942	0.612731	0.609976	0.072778	0.612764	0.000000	0.000000	0.000000
7.660000	0.610000	0.067473	0.612731	0.609975	0.072307	0.612764	0.000000	0.000000	0.000000
7.670000	0.610000	0.067004	0.612731	0.609975	0.071835	0.612763	0.000000	0.000000	0.000000
7.680000	0.610000	0.066536	0.612731	0.609975	0.071364	0.612763	0.000000	0.000000	0.000000
7.690000	0.610000	0.066068	0.612731	0.609974	0.070893	0.612763	0.000000	0.000000	0.000000
7.700000	0.610000	0.065600	0.612731	0.609974	0.070422	0.612763	0.000000	0.000000	0.000000
7.710000	0.610000	0.065133	0.612731	0.609973	0.069951	0.612763	0.000000	0.000000	0.000000
7.720000	0.610000	0.064666	0.612731	0.609973	0.069481	0.612763	0.000000	0.000000	0.000000
7.730000	0.610000	0.064199	0.612731	0.609973	0.069010	0.612762	0.000000	0.000000	0.000000
7.740000	0.610000	0.063733	0.612731	0.609972	0.068540	0.612762	0.000000	0.000000	0.000000
7.750000	0.610000	0.063267	0.612731	0.609972	0.068070	0.612762	0.000000	0.000000	0.000000
7.760000	0.610000	0.062802	0.612731	0.609972	0.067601	0.612762	0.000000	0.000000	0.000000
7.770000	0.610000	0.062337	0.612731	0.609971	0.067131	0.612762	0.000000	0.000000	0.000000
7.780000	0.610000	0.061873	0.612731	0.609971	0.066662	0.612761	0.000000	0.000000	0.000000
7.790000	0.610000	0.061410	0.612731	0.609970	0.066194	0.612761	0.000000	0.000000	0.000000
7.800000	0.610000	0.060946	0.612731	0.609970	0.065726	0.612761	0.000000	0.000000	0.000000
7.810000	0.610000	0.060484	0.612731	0.609970	0.065258	0.612761	0.000000	0.000000	0.000000
7.820000	0.610000	0.060022	0.612731	0.609969	0.064790	0.612761	0.000000	0.000000	0.000000
7.830000	0.610000	0.059560	0.612731	0.609969	0.064323	0.612760	0.000000	0.000000	0.000000
7.840000	0.610000	0.059099	0.612731	0.609969	0.063856	0.612760	0.000000	0.000000	0.000000
7.850000	0.610000	0.058639	0.612731	0.609968	0.063390	0.612760	0.000000	0.000000	0.000000
7.860000	0.610000	0.058180	0.612731	0.609968	0.062924	0.612760	0.000000	0.000000	0.000000
7.870000	0.610000	0.057721	0.612731	0.609968	0.062459	0.612760	0.000000	0.000000	0.000000
7.880000	0.610000	0.057263	0.612731	0.609968	0.061994	0.612759	0.000000	0.000000	0.000000
7.890000	0.610000	0.056805	0.612731	0.609967	0.061529	0.612759	0.000000	0.000000	0.000000
7.900000	0.610000	0.056348	0.612731	0.609967	0.061066	0.612759	0.000000	0.000000	0.000000
7.910000	0.610000	0.055892	0.612731	0.609967	0.060602	0.612759	0.000000	0.000000	0.000000
7.920000	0.610000	0.055437	0.612731	0.609966	0.060140	0.612759	0.000000	0.000000	0.000000
7.930000	0.610000	0.054982	0.612731	0.609966	0.059677	0.612758	0.000000	0.000000	0.000000
7.940000	0.610000	0.054529	0.612731	0.609966	0.059216	0.612758	0.000000	0.000000	0.000000
7.950000	0.610000	0.054076	0.612731	0.609965	0.058755	0.612758	0.000000	0.000000	0.000000
7.960000	0.610000	0.053624	0.612731	0.609965	0.058295	0.612758	0.000000	0.000000	0.000000
7.970000	0.610000	0.053172	0.612731	0.609965	0.057835	0.612757	0.000000	0.000000	0.000000
7.980000	0.610000	0.052722	0.612731	0.609965	0.057376	0.612757	0.000000	0.000000	0.000000
7.990000	0.610000	0.052272	0.612731	0.609964	0.056918	0.612757	0.000000	0.000000	0.000000
8.000000	0.610000	0.051824	0.612731	0.609964	0.056461	0.612757	0.000000	0.000000	0.000000
8.010000	0.610000	0.051376	0.612731	0.609964	0.056004	0.612756	0.000000	0.000000	0.000000
8.020000	0.610000	0.050929	0.612731	0.609964	0.055548	0.612756	0.000000	0.000000	0.000000
8.030000	0.610000	0.050483	0.612731	0.609963	0.055093	0.612756	0.000000	0.000000	0.000000
8.040000	0.610000	0.050039	0.612731	0.609963	0.054638	0.612756	0.000000	0.000000	0.000000
8.050000	0.610000	0.049595	0.612731	0.609963	0.054184	0.612755	0.000000	0.000000	0.000000
8.060000	0.610000	0.049152	0.612731	0.609963	0.053732	0.612755	0.000000	0.000000	0.000000
8.070000	0.610000	0.048710	0.612731	0.609963	0.053280	0.612755	0.000000	0.000000	0.000000
8.080000	0.610000	0.048269	0.612731	0.609962	0.052828	0.612755	0.000000	0.000000	0.000000
8.090000	0.610000	0.047829	0.612731	0.609962	0.052378	0.612755	0.000000	0.000000	0.000000
8.100000	0.610000	0.047391	0.612731	0.609962	0.051929	0.612754	0.000000	0.000000	0.000000
8.110000	0.610000	0.046953	0.612731	0.609962	0.051480	0.612754	0.000000	0.000000	0.000000
8.120000	0.610000	0.046517	0.612731	0.609962	0.051033	0.612754	0.000000	0.000000	0.000000
8.130000	0.610000	0.046081	0.612731	0.609961	0.050586	0.612754	0.000000	0.000000	0.000000
8.140000	0.610000	0.045647	0.612731	0.609961	0.050141	0.612753	0.000000	0.000000	0.000000
8.150000	0.610000	0.045214	0.612731	0.609961	0.049696	0.612753	0.000000	0.000000	0.000000
8.160000	0.610000	0.044782	0.612731	0.609961	0.049252	0.612753	0.000000	0.000000	0.000000
8.170000	0.610000	0.044351	0.612731	0.609961	0.048810	0.612753	0.000000	0.000000	0.000000
8.180000	0.610000	0.043922	0.612731	0.609961	0.048368	0.612752	0.000000	0.000000	0.000000
8.190000	0.610000	0.043494	0.612731	0.609960	0.047928	0.612752	0.000000	0.000000	0.000000
8.200000	0.610000	0.043067	0.612731	0.609960	0.047488	0.612752	0.000000	0.000000	0.000000
8.210000	0.610000	0.042641	0.612731	0.609960	0.047050	0.612752	0.000000	0.000000	0.000000
8.220000	0.610000	0.042216	0.612731	0.609960	0.046612	0.612751	0.000000	0.000000	0.000000
8.230000	0.610000	0.041793	0.612731	0.609960	0.046176	0.612751	0.000000	0.000000	0.000000
8.240000	0.610000	0.041371	0.612731	0.609960	0.045741	0.612751	0.000000	0.000000	0.000000
8.250000	0.610000	0.040951	0.612731	0.609960	0.045307	0.612751	0.000000	0.000000	0.000000
8.260000	0.610000	0.040532	0.612731	0.609960	0.044875	0.612750	0.000000	0.000000	0.000000
8.270000	0.610000	0.040114	0.612731	0.609959	0.044443	0.612750	0.000000	0.000000	0.000000
8.280000	0.610000	0.039697	0.612731	0.609959	0.044013	0.612750	0.000000	0.000000	0.000000
8.290000	0.610000	0.039282	0.612731	0.609959	0.043584	0.612750	0.000000	0.000000	0.000000
8.300000	0.610000	0.038868	0.612731	0.609959	0.043156	0.612749	0.000000	0.000000	0.000000
8.310000	0.610000	0.038456	0.612731	0.609959	0.042729	0.612749	0.000000	0.000000	0.000000
8.320000	0.610000	0.038045	0.612731	0.609959	0.042304	0.612749	0.000000	0.000000	0.000000
8.330000	0.610000	0.037636	0.612731	0.609959	0.041880	0.612749	0.000000	0.000000	0.000000
8.340000	0.610000	0.037228	0.612731	0.609959	0.041457	0.612748	0.000000	0.000000	0.000000
8.350000	0.610000	0.036822	0.612731	0.609959	0.041036	0.612748	0.000000	0.000000	0.000000
8.360000	0.610000	0.036417	0.612731	0.609959	0.040616	0.612748	0.000000	0.000000	0.000000
8.370000	0.610000	0.036014	0.612731	0.609959	0.040197	0.612748	0.000000	0.000000	0.000000
8.380000	0.610000	0.035612	0.612731	0.609959	0.039780	0.612747	0.000000	0.000000	0.000000
8.390000	0.610000	0.035212	0.612731	0.609959	0.039364	0.612747	0.000000	0.000000	0.000000
8.400000	0.610000	0.034813	0.612731	0.609959	0.038949	0.612747	0.000000	0.000000	0.000000
8.410000	0.610000	0.034416	0.612731	0.609959	0.038536	0.612747	0.000000	0.000000	0.000000
8.420000	0.610000	0.034020	0.612731	0.609958	0.038125	0.612746	0.000000	0.000000	0.000000
8.430000	0.610000	0.033627	0.612731	0.609958	0.037715	0.612746	0.000000	0.000000	0.000000
8.440000	0.610000	0.033234	0.612731	0.609958	0.037306	0.612746	0.000000	0.000000	0.000000
8.450000	0.610000	0.032844	0.612731	0.609958	0.036899	0.612746	0.000000	0.000000	0.000000
8.460000	0.610000	0.032455	0.612731	0.609958	0.036493	0.612745	0.000000	0.000000	0.000000
8.470000	0.610000	0.032068	0.612731	0.609958	0.036089	0.612745	0.000000	0.000000	0.000000
8.480000	0.610000	0.031682	0.612731	0.609958	0.035686	0.612745	0.000000	0.000000	0.000000
8.490000	0.610000	0.031298	0.612731	0.609958	0.035285	0.612745	0.000000	0.000000	0.000000
8.500000	0.610000	0.030916	0.612731	0.609958	0.034885	0.612744	0.000000	0.000000	0.000000
8.510000	0.610000	0.030536	0.612731	0.609958	0.034487	0.612744	0.000000	0.000000	0.000000
8.520000	0.610000	0.030157	0.612731	0.609958	0.034091	0.612744	0.000000	0.000000	0.000000
8.530000	0.610000	0.029780	0.612731	0.609959	0.033696	0.612744	0.000000	0.000000	0.000000
8.540000	0.610000	0.029405	0.612731	0.609959	0.033303	0.612744	0.000000	0.000000	0.000000
8.550000	0.610000	0.029032	0.612731	0.609959	0.032912	0.612743	0.000000	0.000000	0.000000
8.560000	0.610000	0.028661	0.612731	0.609959	0.032522	0.612743	0.000000	0.000000	0.000000
8.570000	0.610000	0.028291	0.612731	0.609959	0.032134	0.612743	0.000000	0.000000	0.000000
8.580000	0.610000	0.027923	0.612731	0.609959	0.031747	0.612743	0.000000	0.000000	0.000000
8.590000	0.610000	0.027557	0.612731	0.609959	0.031362	0.612742	0.000000	0.000000	0.000000
8.600000	0.610000	0.027193	0.612731	0.609959	0.030979	0.612742	0.000000	0.000000	0.000000
8.610000	0.610000	0.026831	0.612731	0.609959	0.030598	0.612742	0.000000	0.000000	0.000000
8.620000	0.610000	0.026471	0.612731	0.609959	0.030219	0.612742	0.000000	0.000000	0.000000
8.630000	0.610000	0.026112	0.612731	0.609959	0.029841	0.612742	0.000000	0.000000	0.000000
8.640000	0.610000	0.025756	0.612731	0.609959	0.029465	0.612741	0.000000	0.000000	0.000000
8.650000	0.610000	0.025402	0.612731	0.609959	0.029091	0.612741	0.000000	0.000000	0.000000
8.660000	0.610000	0.025049	0.612731	0.609959	0.028718	0.612741	0.000000	0.000000	0.000000
8.670000	0.610000	0.024699	0.612731	0.609959	0.028348	0.612741	0.000000	0.000000	0.000000
8.680000	0.610000	0.024350	0.612731	0.609959	0.027979	0.612741	0.000000	0.000000	0.000000
8.690000	0.610000	0.024003	0.612731	0.609960	0.027612	0.612740	0.000000	0.000000	0.000000
8.700000	0.610000	0.023659	0.612731	0.609960	0.027247	0.612740	0.000000	0.000000	0.000000
8.710000	0.610000	0.023316	0.612731	0.609960	0.026884	0.612740	0.000000	0.000000	0.000000
8.720000	0.610000	0.022976	0.612731	0.609960	0.026523	0.612740	0.000000	0.000000	0.000000
8.730000	0.610000	0.022638	0.612731	0.609960	0.026164	0.612740	0.000000	0.000000	0.000000
8.740000	0.610000	0.022301	0.612731	0.609960	0.025806	0.612739	0.000000	0.000000	0.000000
8.750000	0.610000	0.021967	0.612731	0.609960	0.025451	0.612739	0.000000	0.000000	0.000000
8.760000	0.610000	0.021635	0.612731	0.609960	0.025098	0.612739	0.000000	0.000000	0.000000
8.770000	0.610000	0.021305	0.612731	0.609960	0.024746	0.612739	0.000000	0.000000	0.000000
8.780000	0.610000	0.020977	0.612731	0.609961	0.024397	0.612739	0.000000	0.000000	0.000000
8.790000	0.610000	0.020651	0.612731	0.609961	0.024049	0.612739	0.000000	0.000000	0.000000
8.800000	0.610000	0.020327	0.612731	0.609961	0.023704	0.612738	0.000000	0.000000	0.000000
8.810000	0.610000	0.020006	0.612731	0.609961	0.023360	0.612738	0.000000	0.000000	0.000000
8.820000	0.610000	0.019687	0.612731	0.609961	0.023019	0.612738	0.000000	0.000000	0.000000
8.830000	0.610000	0.019369	0.612731	0.609961	0.022679	0.612738	0.000000	0.000000	0.000000
8.840000	0.610000	0.019054	0.612731	0.609961	0.022342	0.612738	0.000000	0.000000	0.000000
8.850000	0.610000	0.018742	0.612731	0.609962	0.022007	0.612738	0.000000	0.000000	0.000000
8.860000	0.610000	0.018431	0.612731	0.609962	0.021674	0.612737	0.000000	0.000000	0.000000
8.870000	0.610000	0.018123	0.612731	0.609962	0.021343	0.612737	0.000000	0.000000	0.000000
8.880000	0.610000	0.017817	0.612731	0.609962	0.021014	0.612737	0.000000	0.000000	0.000000
8.890000	0.610000	0.017513	0.612731	0.609962	0.020687	0.612737	0.000000	0.000000	0.000000
8.900000	0.610000	0.017212	0.612731	0.609962	0.020362	0.612737	0.000000	0.000000	0.000000
8.910000	0.610000	0.016912	0.612731	0.609963	0.020040	0.612737	0.000000	0.000000	0.000000
8.920000	0.610000	0.016615	0.612731	0.609963	0.019720	0.612737	0.000000	0.000000	0.000000
8.930000	0.610000	0.016321	0.612731	0.609963	0.019401	0.612736	0.000000	0.000000	0.000000
8.940000	0.610000	0.016028	0.612731	0.609963	0.019086	0.612736	0.000000	0.000000	0.000000
8.950000	0.610000	0.015738	0.612731	0.609963	0.018772	0.612736	0.000000	0.000000	0.000000
8.960000	0.610000	0.015451	0.612731	0.609964	0.018460	0.612736	0.000000	0.000000	0.000000
8.970000	0.610000	0.015165	0.612731	0.609964	0.018151	0.612736	0.000000	0.000000	0.000000
8.980000	0.610000	0.014882	0.612731	0.609964	0.017844	0.612736	0.000000	0.000000	0.000000
8.990000	0.610000	0.014602	0.612731	0.609964	0.017539	0.612736	0.000000	0.000000	0.000000
9.000000	0.610000	0.014324	0.612731	0.609964	0.017237	0.612736	0.000000	0.000000	0.000000
9.010000	0.610000	0.014048	0.612731	0.609965	0.016937	0.612736	0.000000	0.000000	0.000000
9.020000	0.610000	0.013775	0.612731	0.609965	0.016639	0.612735	0.000000	0.000000	0.000000
9.030000	0.610000	0.013504	0.612731	0.609965	0.016343	0.612735	0.000000	0.000000	0.000000
9.040000	0.610000	0.013235	0.612731	0.609965	0.016050	0.612735	0.000000	0.000000	0.000000
9.050000	0.610000	0.012969	0.612731	0.609965	0.015759	0.612735	0.000000	0.000000	0.000000
9.060000	0.610000	0.012705	0.612731	0.609966	0.015470	0.612735	0.000000	0.000000	0.000000
9.070000	0.610000	0.012444	0.612731	0.609966	0.015184	0.612735	0.000000	0.000000	0.000000
9.080000	0.610000	0.012185	0.612731	0.609966	0.014900	0.612735	0.000000	0.000000	0.000000
9.090000	0.610000	0.011929	0.612731	0.609966	0.014618	0.612735	0.000000	0.000000	0.000000
9.100000	0.610000	0.011675	0.612731	0.609966	0.014339	0.612735	0.000000	0.000000	0.000000
9.110000	0.610000	0.011424	0.612731	0.609967	0.014063	0.612735	0.000000	0.000000	0.000000
9.120000	0.610000	0.011175	0.612731	0.609967	0.013788	0.612735	0.000000	0.000000	0.000000
9.130000	0.610000	0.010929	0.612731	0.609967	0.013516	0.612735	0.000000	0.000000	0.000000
9.140000	0.610000	0.010686	0.612731	0.609967	0.013247	0.612734	0.000000	0.000000	0.000000
9.150000	0.610000	0.010444	0.612731	0.609968	0.012980	0.612734	0.000000	0.000000	0.000000
9.160000	0.610000	0.010206	0.612731	0.609968	0.012715	0.612734	0.000000	0.000000	0.000000
9.170000	0.610000	0.009970	0.612731	0.609968	0.012453	0.612734	0.000000	0.000000	0.000000
9.180000	0.610000	0.009736	0.612731	0.609968	0.012193	0.612734	0.000000	0.000000	0.000000
9.190000	0.610000	0.009505	0.612731	0.609969	0.011936	0.612734	0.000000	0.000000	0.000000
9.200000	0.610000	0.009277	0.612731	0.609969	0.011681	0.612734	0.000000	0.000000	0.000000
9.210000	0.610000	0.009051	0.612731	0.609969	0.011429	0.612734	0.000000	0.000000	0.000000
9.220000	0.610000	0.008828	0.612731	0.609969	0.011179	0.612734	0.000000	0.000000	0.000000
9.230000	0.610000	0.008608	0.612731	0.609969	0.010932	0.612734	0.000000	0.000000	0.000000
9.240000	0.610000	0.008390	0.612731	0.609970	0.010687	0.612734	0.000000	0.000000	0.000000
9.250000	0.610000	0.008175	0.612731	0.609970	0.010445	0.612734	0.000000	0.000000	0.000000
9.260000	0.610000	0.007962	0.612731	0.609970	0.010206	0.612734	0.000000	0.000000	0.000000
9.270000	0.610000	0.007752	0.612731	0.609970	0.009969	0.612734	0.000000	0.000000	0.000000
9.280000	0.610000	0.007545	0.612731	0.609971	0.009734	0.612734	0.000000	0.000000	0.000000
9.290000	0.610000	0.007340	0.612731	0.609971	0.009502	0.612734	0.000000	0.000000	0.000000
9.300000	0.610000	0.007138	0.612731	0.609971	0.009273	0.612734	0.000000	0.000000	0.000000
9.310000	0.610000	0.006939	0.612731	0.609971	0.009046	0.612734	0.000000	0.000000	0.000000
9.320000	0.610000	0.006742	0.612731	0.609972	0.008822	0.612734	0.000000	0.000000	0.000000
9.330000	0.610000	0.006548	0.612731	0.609972	0.008601	0.612734	0.000000	0.000000	0.000000
9.340000	0.610000	0.006357	0.612731	0.609972	0.008382	0.612734	0.000000	0.000000	0.000000
9.350000	0.610000	0.006168	0.612731	0.609972	0.008166	0.612734	0.000000	0.000000	0.000000
9.360000	0.610000	0.005983	0.612731	0.609973	0.007952	0.612734	0.000000	0.000000	0.000000
9.370000	0.610000	0.005800	0.612731	0.609973	0.007741	0.612734	0.000000	0.000000	0.000000
9.380000	0.610000	0.005619	0.612731	0.609973	0.007533	0.612734	0.000000	0.000000	0.000000
9.390000	0.610000	0.005442	0.612731	0.609973	0.007327	0.612734	0.000000	0.000000	0.000000
9.400000	0.610000	0.005267	0.612731	0.609974	0.007124	0.612734	0.000000	0.000000	0.000000
9.410000	0.610000	0.005095	0.612731	0.609974	0.006924	0.612734	0.000000	0.000000	0.000000
9.420000	0.610000	0.004925	0.612731	0.609974	0.006726	0.612734	0.000000	0.000000	0.000000
9.430000	0.610000	0.004759	0.612731	0.609974	0.006531	0.612735	0.000000	0.000000	0.000000
9.440000	0.610000	0.004595	0.612731	0.609975	0.006339	0.612735	0.000000	0.000000	0.000000
9.450000	0.610000	0.004434	0.612731	0.609975	0.006150	0.612735	0.000000	0.000000	0.000000
9.460000	0.610000	0.004276	0.612731	0.609975	0.005963	0.612735	0.000000	0.000000	0.000000
9.470000	0.610000	0.004120	0.612731	0.609975	0.005779	0.612735	0.000000	0.000000	0.000000
9.480000	0.610000	0.003968	0.612731	0.609976	0.005598	0.612735	0.000000	0.000000	0.000000
9.490000	0.610000	0.003818	0.612731	0.609976	0.005419	0.612735	0.000000	0.000000	0.000000
9.500000	0.610000	0.003671	0.612731	0.609976	0.005243	0.612735	0.000000	0.000000	0.000000
9.510000	0.610000	0.003527	0.612731	0.609976	0.005070	0.612735	0.000000	0.000000	0.000000
9.520000	0.610000	0.003385	0.612731	0.609977	0.004900	0.612735	0.000000	0.000000	0.000000
9.530000	0.610000	0.003247	0.612731	0.609977	0.004733	0.612735	0.000000	0.000000	0.000000
9.540000	0.610000	0.003111	0.612731	0.609977	0.004568	0.612735	0.000000	0.000000	0.000000
9.550000	0.610000	0.002978	0.612731	0.609977	0.004406	0.612736	0.000000	0.000000	0.000000
9.560000	0.610000	0.002848	0.612731	0.609977	0.004247	0.612736	0.000000	0.000000	0.000000
9.570000	0.610000	0.002721	0.612731	0.609978	0.004090	0.612736	0.000000	0.000000	0.000000
9.580000	0.610000	0.002596	0.612731	0.609978	0.003937	0.612736	0.000000	0.000000	0.000000
9.590000	0.610000	0.002475	0.612731	0.609978	0.003786	0.612736	0.000000	0.000000	0.000000
9.600000	0.610000	0.002356	0.612731	0.609978	0.003638	0.612736	0.000000	0.000000	0.000000
9.610000	0.610000	0.002241	0.612731	0.609979	0.003493	0.612736	0.000000	0.000000	0.000000
9.620000	0.610000	0.002128	0.612731	0.609979	0.003350	0.612736	0.000000	0.000000	0.000000
9.630000	0.610000	0.002018	0.612731	0.609979	0.003211	0.612737	0.000000	0.000000	0.000000
9.640000	0.610000	0.001910	0.612731	0.609979	0.003074	0.612737	0.000000	0.000000	0.000000
9.650000	0.610000	0.001806	0.612731	0.609980	0.002940	0.612737	0.000000	0.000000	0.000000
9.660000	0.610000	0.001705	0.612731	0.609980	0.002809	0.612737	0.000000	0.000000	0.000000
9.670000	0.610000	0.001606	0.612731	0.609980	0.002681	0.612737	0.000000	0.000000	0.000000
9.680000	0.610000	0.001511	0.612731	0.609980	0.002556	0.612737	0.000000	0.000000	0.000000
9.690000	0.610000	0.001418	0.612731	0.609980	0.002434	0.612738	0.000000	0.000000	0.000000
9.700000	0.610000	0.001328	0.612731	0.609981	0.002314	0.612738	0.000000	0.000000	0.000000
9.710000	0.610000	0.001242	0.612731	0.609981	0.002197	0.612738	0.000000	0.000000	0.000000
9.720000	0.610000	0.001158	0.612731	0.609981	0.002083	0.612738	0.000000	0.000000	0.000000
9.730000	0.610000	0.001077	0.612731	0.609981	0.001973	0.612738	0.000000	0.000000	0.000000
9.740000	0.610000	0.000999	0.612731	0.609981	0.001865	0.612738	0.000000	0.000000	0.000000
9.750000	0.610000	0.000923	0.612731	0.609982	0.001759	0.612739	0.000000	0.000000	0.000000
9.760000	0.610000	0.000851	0.612731	0.609982	0.001657	0.612739	0.000000	0.000000	0.000000
9.770000	0.610000	0.000782	0.612731	0.609982	0.001558	0.612739	0.000000	0.000000	0.000000
9.780000	0.610000	0.000715	0.612731	0.609982	0.001461	0.612739	0.000000	0.000000	0.000000
9.790000	0.610000	0.000652	0.612731	0.609982	0.001368	0.612739	0.000000	0.000000	0.000000
9.800000	0.610000	0.000591	0.612731	0.609983	0.001277	0.612740	0.000000	0.000000	0.000000
9.810000	0.610000	0.000534	0.612731	0.609983	0.001189	0.612740	0.000000	0.000000	0.000000
9.820000	0.610000	0.000479	0.612731	0.609983	0.001104	0.612740	0.000000	0.000000	0.000000
9.830000	0.610000	0.000427	0.612731	0.609983	0.001022	0.612740	0.000000	0.000000	0.000000
9.840000	0.610000	0.000379	0.612731	0.609983	0.000943	0.612741	0.000000	0.000000	0.000000
9.850000	0.610000	0.000333	0.612731	0.609983	0.000867	0.612741	0.000000	0.000000	0.000000
9.860000	0.610000	0.000290	0.612731	0.609984	0.000794	0.612741	0.000000	0.000000	0.000000
9.870000	0.610000	0.000250	0.612731	0.609984	0.000724	0.612741	0.000000	0.000000	0.000000
9.880000	0.610000	0.000213	0.612731	0.609984	0.000657	0.612742	0.000000	0.000000	0.000000
9.890000	0.610000	0.000179	0.612731	0.609984	0.000592	0.612742	0.000000	0.000000	0.000000
9.900000	0.610000	0.000148	0.612731	0.609984	0.000531	0.612742	0.000000	0.000000	0.000000
9.910000	0.610000	0.000120	0.612731	0.609984	0.000472	0.612742	0.000000	0.000000	0.000000
9.920000	0.610000	0.000095	0.612731	0.609984	0.000417	0.612743	0.000000	0.000000	0.000000
9.930000	0.610000	0.000073	0.612731	0.609985	0.000364	0.612743	0.000000	0.000000	0.000000
9.940000	0.610000	0.000053	0.612731	0.609985	0.000315	0.612743	0.000000	0.000000	0.000000
9.950000	0.610000	0.000037	0.612731	0.609985	0.000268	0.612743	0.000000	0.000000	0.000000
9.960000	0.610000	0.000024	0.612731	0.609985	0.000224	0.612744	0.000000	0.000000	0.000000
9.970000	0.610000	0.000013	0.612731	0.609985	0.000183	0.612744	0.000000	0.000000	0.000000
9.980000	0.610000	0.000006	0.612731	0.609985	0.000146	0.612744	0.000000	0.000000	0.000000
9.990000	0.610000	0.000001	0.612731	0.609985	0.000111	0.612744	0.000000	0.000000	0.000000
10.000000	0.610000	0.000000	0.612731	0.609985	0.000079	0.612745	0.000000	0.000000	0.000000
