Time [s]	Pos_0_x [m]	Pos_0_y [m]	Pos_0_z [m]	Pos_x [m]	Pos_y [m]	Pos_z [m]	Force_x [N]	Force_y [N]	Force_z [N]
0.000000	0.610000	0.001004	0.612731	0.610000	0.000000	0.612731	0.000000	0.000000	0.044842
0.010000	0.610000	0.001024	0.612731	0.610000	0.000098	0.612737	0.000000	0.000000	0.045942
0.020000	0.610000	0.001045	0.612731	0.610000	0.000167	0.612742	0.000000	0.000000	0.047068
0.030000	0.610000	0.001066	0.612731	0.610001	0.000239	0.612748	0.000000	0.000000	0.048222
0.040000	0.610000	0.001087	0.612731	0.610001	0.000305	0.612753	0.000000	0.000000	0.049404
0.050000	0.610000	0.001109	0.612731	0.610001	0.000370	0.612759	0.000000	0.000000	0.050614
0.060000	0.610000	0.001131	0.612731	0.610001	0.000431	0.612766	0.000000	0.000000	0.051854
0.070000	0.610000	0.001154	0.612731	0.610001	0.000490	0.612772	0.000000	0.000000	0.053124
0.080000	0.610000	0.001177	0.612731	0.610001	0.000546	0.612778	0.000000	0.000000	0.054425
0.090000	0.610000	0.001200	0.612731	0.610002	0.000600	0.612785	0.000000	0.000000	0.055758
0.100000	0.610000	0.001224	0.612731	0.610002	0.000652	0.612791	0.000000	0.000000	0.057123
0.110000	0.610000	0.001249	0.612731	0.610002	0.000703	0.612797	0.000000	0.000000	0.058521
0.120000	0.610000	0.001274	0.612731	0.610002	0.000751	0.612804	0.000000	0.000000	0.059953
0.130000	0.610000	0.001299	0.612731	0.610002	0.000798	0.612810	0.000000	0.000000	0.061419
0.140000	0.610000	0.001325	0.612731	0.610002	0.000843	0.612817	0.000000	0.000000	0.062922
0.150000	0.610000	0.001352	0.612731	0.610002	0.000887	0.612823	0.000000	0.000000	0.064460
0.160000	0.610000	0.001379	0.612731	0.610002	0.000929	0.612830	0.000000	0.000000	0.066036
0.170000	0.610000	0.001407	0.612731	0.610002	0.000971	0.612836	0.000000	0.000000	0.067650
0.180000	0.610000	0.001435	0.612731	0.610002	0.001011	0.612842	0.000000	0.000000	0.069303
0.190000	0.610000	0.001463	0.612731	0.610002	0.001050	0.612848	0.000000	0.000000	0.070996
0.200000	0.610000	0.001493	0.612731	0.610003	0.001089	0.612854	0.000000	0.000000	0.072730
0.210000	0.610000	0.001523	0.612731	0.610003	0.001127	0.612860	0.000000	0.000000	0.074506
0.220000	0.610000	0.001553	0.612731	0.610003	0.001165	0.612866	0.000000	0.000000	0.076324
0.230000	0.610000	0.001584	0.612731	0.610003	0.001202	0.612872	0.000000	0.000000	0.078187
0.240000	0.610000	0.001616	0.612731	0.610003	0.001238	0.612877	0.000000	0.000000	0.080094
0.250000	0.610000	0.001648	0.612731	0.610003	0.001274	0.612883	0.000000	0.000000	0.082047
0.260000	0.610000	0.001681	0.612731	0.610002	0.001310	0.612889	0.000000	0.000000	0.084048
0.270000	0.610000	0.001715	0.612731	0.610002	0.001345	0.612894	0.000000	0.000000	0.086096
0.280000	0.610000	0.001749	0.612731	0.610002	0.001381	0.612899	0.000000	0.000000	0.088194
0.290000	0.610000	0.001784	0.612731	0.610002	0.001416	0.612905	0.000000	0.000000	0.090342
0.300000	0.610000	0.001819	0.612731	0.610002	0.001451	0.612910	0.000000	0.000000	0.092542
0.310000	0.610000	0.001856	0.612731	0.610002	0.001487	0.612916	0.000000	0.000000	0.094794
0.320000	0.610000	0.001893	0.612731	0.610002	0.001522	0.612921	0.000000	0.000000	0.097101
0.330000	0.610000	0.001930	0.612731	0.610002	0.001558	0.612926	0.000000	0.000000	0.099463
0.340000	0.610000	0.001969	0.612731	0.610002	0.001594	0.612931	0.000000	0.000000	0.101881
0.350000	0.610000	0.002008	0.612731	0.610002	0.001630	0.612937	0.000000	0.000000	0.104358
0.360000	0.610000	0.002048	0.612731	0.610002	0.001666	0.612942	0.000000	0.000000	0.106893
0.370000	0.610000	0.002089	0.612731	0.610002	0.001702	0.612947	0.000000	0.000000	0.109489
0.380000	0.610000	0.002130	0.612731	0.610002	0.001739	0.612953	0.000000	0.000000	0.112147
0.390000	0.610000	0.002173	0.612731	0.610002	0.001777	0.612958	0.000000	0.000000	0.114869
0.400000	0.610000	0.002216	0.612731	0.610002	0.001814	0.612964	0.000000	0.000000	0.117655
0.410000	0.610000	0.002260	0.612731	0.610002	0.001853	0.612969	0.000000	0.000000	0.120508
0.420000	0.610000	0.002305	0.612731	0.610002	0.001891	0.612975	0.000000	0.000000	0.123428
0.430000	0.610000	0.002351	0.612731	0.610002	0.001931	0.612981	0.000000	0.000000	0.126418
0.440000	0.610000	0.002398	0.612731	0.610002	0.001970	0.612987	0.000000	0.000000	0.129479
0.450000	0.610000	0.002445	0.612731	0.610002	0.002011	0.612992	0.000000	0.000000	0.132613
0.460000	0.610000	0.002494	0.612731	0.610002	0.002052	0.612999	0.000000	0.000000	0.135820
0.470000	0.610000	0.002543	0.612731	0.610002	0.002094	0.613005	0.000000	0.000000	0.139104
0.480000	0.610000	0.002594	0.612731	0.610002	0.002136	0.613011	0.000000	0.000000	0.142466
0.490000	0.610000	0.002645	0.612731	0.610002	0.002179	0.613018	0.000000	0.000000	0.145907
0.500000	0.610000	0.002698	0.612731	0.610002	0.002223	0.613024	0.000000	0.000000	0.149429
0.510000	0.610000	0.002751	0.612731	0.610002	0.002267	0.613031	0.000000	0.000000	0.153034
0.520000	0.610000	0.002806	0.612731	0.610002	0.002313	0.613038	0.000000	0.000000	0.156724
0.530000	0.610000	0.002862	0.612731	0.610002	0.002359	0.613045	0.000000	0.000000	0.160501
0.540000	0.610000	0.002918	0.612731	0.610002	0.002406	0.613052	0.000000	0.000000	0.164366
0.550000	0.610000	0.002976	0.612731	0.610002	0.002454	0.613060	0.000000	0.000000	0.168323
0.560000	0.610000	0.003035	0.612731	0.610002	0.002502	0.613068	0.000000	0.000000	0.172372
0.570000	0.610000	0.003095	0.612731	0.610002	0.002552	0.613075	0.000000	0.000000	0.176515
0.580000	0.610000	0.003156	0.612731	0.610002	0.002603	0.613083	0.000000	0.000000	0.180756
0.590000	0.610000	0.003219	0.612731	0.610002	0.002654	0.613092	0.000000	0.000000	0.185096
0.600000	0.610000	0.003282	0.612731	0.610002	0.002707	0.613100	0.000000	0.000000	0.189536
0.610000	0.610000	0.003347	0.612731	0.610002	0.002760	0.613109	0.000000	0.000000	0.194080
0.620000	0.610000	0.003413	0.612731	0.610002	0.002814	0.613118	0.000000	0.000000	0.198730
0.630000	0.610000	0.003480	0.612731	0.610002	0.002870	0.613127	0.000000	0.000000	0.203488
0.640000	0.610000	0.003549	0.612731	0.610002	0.002927	0.613137	0.000000	0.000000	0.208356
0.650000	0.610000	0.003619	0.612731	0.610002	0.002984	0.613146	0.000000	0.000000	0.213336
0.660000	0.610000	0.003690	0.612731	0.610002	0.003043	0.613156	0.000000	0.000000	0.218432
0.670000	0.610000	0.003763	0.612731	0.610002	0.003103	0.613166	0.000000	0.000000	0.223645
0.680000	0.610000	0.003837	0.612731	0.610003	0.003164	0.613177	0.000000	0.000000	0.228978
0.690000	0.610000	0.003913	0.612731	0.610003	0.003226	0.613187	0.000000	0.000000	0.234434
0.700000	0.610000	0.003990	0.612731	0.610003	0.003290	0.613198	0.000000	0.000000	0.240015
0.710000	0.610000	0.004068	0.612731	0.610003	0.003355	0.613209	0.000000	0.000000	0.245723
0.720000	0.610000	0.004148	0.612731	0.610003	0.003420	0.613221	0.000000	0.000000	0.251562
0.730000	0.610000	0.004229	0.612731	0.610003	0.003488	0.613232	0.000000	0.000000	0.257535
0.740000	0.610000	0.004312	0.612731	0.610003	0.003556	0.613244	0.000000	0.000000	0.263643
0.750000	0.610000	0.004397	0.612731	0.610003	0.003626	0.613257	0.000000	0.000000	0.269890
0.760000	0.610000	0.004483	0.612731	0.610003	0.003697	0.613269	0.000000	0.000000	0.276279
0.770000	0.610000	0.004571	0.612731	0.610003	0.003770	0.613282	0.000000	0.000000	0.282812
0.780000	0.610000	0.004660	0.612731	0.610003	0.003844	0.613295	0.000000	0.000000	0.289493
0.790000	0.610000	0.004751	0.612731	0.610003	0.003919	0.613309	0.000000	0.000000	0.296325
0.800000	0.610000	0.004844	0.612731	0.610003	0.003996	0.613323	0.000000	0.000000	0.303310
0.810000	0.610000	0.004939	0.612731	0.610003	0.004074	0.613337	0.000000	0.000000	0.310452
0.820000	0.610000	0.005035	0.612731	0.610004	0.004154	0.613351	0.000000	0.000000	0.317753
0.830000	0.610000	0.005134	0.612731	0.610004	0.004235	0.613366	0.000000	0.000000	0.325218
0.840000	0.610000	0.005234	0.612731	0.610004	0.004318	0.613381	0.000000	0.000000	0.332849
0.850000	0.610000	0.005336	0.612731	0.610004	0.004402	0.613397	0.000000	0.000000	0.340649
0.860000	0.610000	0.005440	0.612731	0.610004	0.004488	0.613413	0.000000	0.000000	0.348622
0.870000	0.610000	0.005545	0.612731	0.610004	0.004576	0.613429	0.000000	0.000000	0.356771
0.880000	0.610000	0.005653	0.612731	0.610004	0.004665	0.613445	0.000000	0.000000	0.365100
0.890000	0.610000	0.005763	0.612731	0.610004	0.004756	0.613462	0.000000	0.000000	0.373612
0.900000	0.610000	0.005875	0.612731	0.610004	0.004849	0.613480	0.000000	0.000000	0.382310
0.910000	0.610000	0.005989	0.612731	0.610004	0.004944	0.613497	0.000000	0.000000	0.391198
0.920000	0.610000	0.006105	0.612731	0.610004	0.005040	0.613515	0.000000	0.000000	0.400279
0.930000	0.610000	0.006223	0.612731	0.610004	0.005138	0.613534	0.000000	0.000000	0.409558
0.940000	0.610000	0.006343	0.612731	0.610005	0.005238	0.613553	0.000000	0.000000	0.419038
0.950000	0.610000	0.006466	0.612731	0.610005	0.005340	0.613572	0.000000	0.000000	0.428722
0.960000	0.610000	0.006591	0.612731	0.610005	0.005444	0.613592	0.000000	0.000000	0.438614
0.970000	0.610000	0.006718	0.612731	0.610005	0.005549	0.613612	0.000000	0.000000	0.448718
0.980000	0.610000	0.006848	0.612731	0.610005	0.005657	0.613633	0.000000	0.000000	0.459038
0.990000	0.610000	0.006980	0.612731	0.610005	0.005767	0.613654	0.000000	0.000000	0.469578
1.000000	0.610000	0.007114	0.612731	0.610005	0.005879	0.613676	0.000000	0.000000	0.480340
1.010000	0.610000	0.007251	0.612731	0.610005	0.005992	0.613698	0.000000	0.000000	0.491330
1.020000	0.610000	0.007390	0.612731	0.610005	0.006108	0.613720	0.000000	0.000000	0.502551
1.030000	0.610000	0.007532	0.612731	0.610005	0.006226	0.613743	0.000000	0.000000	0.514008
1.040000	0.610000	0.007676	0.612731	0.610005	0.006347	0.613767	0.000000	0.000000	0.525703
1.050000	0.610000	0.007823	0.612731	0.610006	0.006469	0.613791	0.000000	0.000000	0.537641
1.060000	0.610000	0.007973	0.612731	0.610006	0.006594	0.613815	0.000000	0.000000	0.549826
1.070000	0.610000	0.008125	0.612731	0.610006	0.006721	0.613840	0.000000	0.000000	0.562262
1.080000	0.610000	0.008280	0.612731	0.610006	0.006850	0.613866	0.000000	0.000000	0.574953
1.090000	0.610000	0.008438	0.612731	0.610006	0.006982	0.613892	0.000000	0.000000	0.587903
1.100000	0.610000	0.008599	0.612731	0.610006	0.007116	0.613919	0.000000	0.000000	0.601116
1.110000	0.610000	0.008762	0.612731	0.610006	0.007253	0.613946	0.000000	0.000000	0.614596
1.120000	0.610000	0.008929	0.612731	0.610006	0.007392	0.613974	0.000000	0.000000	0.628348
1.130000	0.610000	0.009098	0.612731	0.610006	0.007534	0.614003	0.000000	0.000000	0.642374
1.140000	0.610000	0.009271	0.612731	0.610006	0.007678	0.614032	0.000000	0.000000	0.656680
1.150000	0.610000	0.009446	0.612731	0.610006	0.007825	0.614061	0.000000	0.000000	0.671269
1.160000	0.610000	0.009625	0.612731	0.610007	0.007974	0.614092	0.000000	0.000000	0.686145
1.170000	0.610000	0.009806	0.612731	0.610007	0.008126	0.614123	0.000000	0.000000	0.701313
1.180000	0.610000	0.009991	0.612731	0.610007	0.008281	0.614154	0.000000	0.000000	0.716776
1.190000	0.610000	0.010179	0.612731	0.610007	0.008439	0.614187	0.000000	0.000000	0.732539
1.200000	0.610000	0.010371	0.612731	0.610007	0.008599	0.614219	0.000000	0.000000	0.748604
1.210000	0.610000	0.010566	0.612731	0.610007	0.008763	0.614253	0.000000	0.000000	0.764977
1.220000	0.610000	0.010764	0.612731	0.610007	0.008929	0.614287	0.000000	0.000000	0.781661
1.230000	0.610000	0.010965	0.612731	0.610007	0.009098	0.614322	0.000000	0.000000	0.798660
1.240000	0.610000	0.011170	0.612731	0.610007	0.009270	0.614358	0.000000	0.000000	0.815977
1.250000	0.610000	0.011379	0.612731	0.610007	0.009446	0.614394	0.000000	0.000000	0.833617
1.260000	0.610000	0.011591	0.612731	0.610007	0.009624	0.614431	0.000000	0.000000	0.851583
1.270000	0.610000	0.011807	0.612731	0.610007	0.009805	0.614469	0.000000	0.000000	0.869879
1.280000	0.610000	0.012026	0.612731	0.610007	0.009990	0.614508	0.000000	0.000000	0.888508
1.290000	0.610000	0.012249	0.612731	0.610008	0.010178	0.614547	0.000000	0.000000	0.907474
1.300000	0.610000	0.012476	0.612731	0.610008	0.010369	0.614587	0.000000	0.000000	0.926781
1.310000	0.610000	0.012707	0.612731	0.610008	0.010563	0.614628	0.000000	0.000000	0.946431
1.320000	0.610000	0.012941	0.612731	0.610008	0.010761	0.614670	0.000000	0.000000	0.966428
1.330000	0.610000	0.013180	0.612731	0.610008	0.010962	0.614712	0.000000	0.000000	0.986774
1.340000	0.610000	0.013422	0.612731	0.610008	0.011167	0.614756	0.000000	0.000000	1.007474
1.350000	0.610000	0.013668	0.612731	0.610008	0.011375	0.614800	0.000000	0.000000	1.028531
1.360000	0.610000	0.013919	0.612731	0.610008	0.011586	0.614845	0.000000	0.000000	1.049946
1.370000	0.610000	0.014174	0.612731	0.610008	0.011802	0.614891	0.000000	0.000000	1.071722
1.380000	0.610000	0.014432	0.612731	0.610008	0.012021	0.614937	0.000000	0.000000	1.093863
1.390000	0.610000	0.014695	0.612731	0.610008	0.012243	0.614985	0.000000	0.000000	1.116371
1.400000	0.610000	0.014963	0.612731	0.610008	0.012470	0.615033	0.000000	0.000000	1.139247
1.410000	0.610000	0.015234	0.612731	0.610008	0.012700	0.615082	0.000000	0.000000	1.162495
1.420000	0.610000	0.015510	0.612731	0.610008	0.012934	0.615132	0.000000	0.000000	1.186116
1.430000	0.610000	0.015790	0.612731	0.610008	0.013172	0.615184	0.000000	0.000000	1.210112
1.440000	0.610000	0.016075	0.612731	0.610008	0.013413	0.615235	0.000000	0.000000	1.234485
1.450000	0.610000	0.016365	0.612731	0.610008	0.013659	0.615288	0.000000	0.000000	1.259236
1.460000	0.610000	0.016658	0.612731	0.610008	0.013909	0.615342	0.000000	0.000000	1.284366
1.470000	0.610000	0.016957	0.612731	0.610008	0.014163	0.615397	0.000000	0.000000	1.309878
1.480000	0.610000	0.017260	0.612731	0.610008	0.014421	0.615452	0.000000	0.000000	1.335771
1.490000	0.610000	0.017568	0.612731	0.610008	0.014683	0.615509	0.000000	0.000000	1.362047
1.500000	0.610000	0.017880	0.612731	0.610008	0.014950	0.615567	0.000000	0.000000	1.388706
1.510000	0.610000	0.018198	0.612731	0.610008	0.015221	0.615625	0.000000	0.000000	1.415748
1.520000	0.610000	0.018520	0.612731	0.610007	0.015496	0.615684	0.000000	0.000000	1.443174
1.530000	0.610000	0.018847	0.612731	0.610007	0.015775	0.615745	0.000000	0.000000	1.470983
1.540000	0.610000	0.019179	0.612731	0.610007	0.016059	0.615806	0.000000	0.000000	1.499175
1.550000	0.610000	0.019516	0.612731	0.610007	0.016347	0.615869	0.000000	0.000000	1.527749
1.560000	0.610000	0.019858	0.612731	0.610007	0.016640	0.615932	0.000000	0.000000	1.556706
1.570000	0.610000	0.020205	0.612731	0.610007	0.016938	0.615996	0.000000	0.000000	1.586042
1.580000	0.610000	0.020558	0.612731	0.610007	0.017240	0.616062	0.000000	0.000000	1.615758
1.590000	0.610000	0.020915	0.612731	0.610006	0.017547	0.616128	0.000000	0.000000	1.645852
1.600000	0.610000	0.021278	0.612731	0.610006	0.017858	0.616195	0.000000	0.000000	1.676321
1.610000	0.610000	0.021645	0.612731	0.610006	0.018174	0.616264	0.000000	0.000000	1.707164
1.620000	0.610000	0.022019	0.612731	0.610006	0.018495	0.616333	0.000000	0.000000	1.738378
1.630000	0.610000	0.022397	0.612731	0.610005	0.018821	0.616403	0.000000	0.000000	1.769960
1.640000	0.610000	0.022781	0.612731	0.610005	0.019152	0.616474	0.000000	0.000000	1.801908
1.650000	0.610000	0.023170	0.612731	0.610005	0.019488	0.616547	0.000000	0.000000	1.834217
1.660000	0.610000	0.023564	0.612731	0.610005	0.019828	0.616620	0.000000	0.000000	1.866886
1.670000	0.610000	0.023964	0.612731	0.610004	0.020174	0.616694	0.000000	0.000000	1.899908
1.680000	0.610000	0.024370	0.612731	0.610004	0.020524	0.616770	0.000000	0.000000	1.933282
1.690000	0.610000	0.024781	0.612731	0.610004	0.020880	0.616846	0.000000	0.000000	1.967001
1.700000	0.610000	0.025197	0.612731	0.610003	0.021241	0.616923	0.000000	0.000000	2.001062
1.710000	0.610000	0.025619	0.612731	0.610003	0.021607	0.617001	0.000000	0.000000	2.035459
1.720000	0.610000	0.026047	0.612731	0.610002	0.021979	0.617080	0.000000	0.000000	2.070186
1.730000	0.610000	0.026480	0.612731	0.610002	0.022355	0.617161	0.000000	0.000000	2.105239
1.740000	0.610000	0.026919	0.612731	0.610001	0.022737	0.617242	0.000000	0.000000	2.140611
1.750000	0.610000	0.027364	0.612731	0.610001	0.023124	0.617324	0.000000	0.000000	2.176295
1.760000	0.610000	0.027814	0.612731	0.610000	0.023517	0.617407	0.000000	0.000000	2.212286
1.770000	0.610000	0.028270	0.612731	0.610000	0.023915	0.617491	0.000000	0.000000	2.248576
1.780000	0.610000	0.028732	0.612731	0.609999	0.024318	0.617576	0.000000	0.000000	2.285158
1.790000	0.610000	0.029199	0.612731	0.609998	0.024727	0.617662	0.000000	0.000000	2.322025
1.800000	0.610000	0.029672	0.612731	0.609998	0.025141	0.617748	0.000000	0.000000	2.359169
1.810000	0.610000	0.030151	0.612731	0.609997	0.025561	0.617836	0.000000	0.000000	2.396582
1.820000	0.610000	0.030636	0.612731	0.609996	0.025986	0.617924	0.000000	0.000000	2.434256
1.830000	0.610000	0.031127	0.612731	0.609996	0.026417	0.618014	0.000000	0.000000	2.472181
1.840000	0.610000	0.031623	0.612731	0.609995	0.026854	0.618104	0.000000	0.000000	2.510350
1.850000	0.610000	0.032125	0.612731	0.609994	0.027296	0.618195	0.000000	0.000000	2.548752
1.860000	0.610000	0.032633	0.612731	0.609993	0.027743	0.618287	0.000000	0.000000	2.587380
1.870000	0.610000	0.033146	0.612731	0.609992	0.028197	0.618380	0.000000	0.000000	2.626222
1.880000	0.610000	0.033665	0.612731	0.609991	0.028655	0.618473	0.000000	0.000000	2.665270
1.890000	0.610000	0.034190	0.612731	0.609990	0.029120	0.618567	0.000000	0.000000	2.704513
1.900000	0.610000	0.034721	0.612731	0.609989	0.029590	0.618662	0.000000	0.000000	2.743940
1.910000	0.610000	0.035258	0.612731	0.609988	0.030066	0.618758	0.000000	0.000000	2.783542
1.920000	0.610000	0.035800	0.612731	0.609987	0.030548	0.618854	0.000000	0.000000	2.823308
1.930000	0.610000	0.036348	0.612731	0.609986	0.031035	0.618951	0.000000	0.000000	2.863226
1.940000	0.610000	0.036902	0.612731	0.609985	0.031528	0.619049	0.000000	0.000000	2.903286
1.950000	0.610000	0.037461	0.612731	0.609984	0.032027	0.619147	0.000000	0.000000	2.943477
1.960000	0.610000	0.038026	0.612731	0.609982	0.032531	0.619246	0.000000	0.000000	2.983786
1.970000	0.610000	0.038596	0.612731	0.609981	0.033041	0.619346	0.000000	0.000000	3.024204
1.980000	0.610000	0.039172	0.612731	0.609980	0.033557	0.619446	0.000000	0.000000	3.064717
1.990000	0.610000	0.039754	0.612731	0.609979	0.034079	0.619546	0.000000	0.000000	3.105315
2.000000	0.610000	0.040341	0.612731	0.609977	0.034606	0.619648	0.000000	0.000000	3.145984
2.010000	0.610000	0.040934	0.612731	0.609976	0.035139	0.619749	0.000000	0.000000	3.186715
2.020000	0.610000	0.041532	0.612731	0.609974	0.035677	0.619851	0.000000	0.000000	3.227494
2.030000	0.610000	0.042135	0.612731	0.609973	0.036221	0.619954	0.000000	0.000000	3.268309
2.040000	0.610000	0.042744	0.612731	0.609971	0.036770	0.620056	0.000000	0.000000	3.309148
2.050000	0.610000	0.043358	0.612731	0.609969	0.037326	0.620159	0.000000	0.000000	3.350000
2.060000	0.610000	0.043977	0.612731	0.609968	0.037886	0.620263	0.000000	0.000000	3.390852
2.070000	0.610000	0.044601	0.612731	0.609966	0.038453	0.620367	0.000000	0.000000	3.431691
2.080000	0.610000	0.045230	0.612731	0.609964	0.039025	0.620471	0.000000	0.000000	3.472506
2.090000	0.610000	0.045865	0.612731	0.609962	0.039602	0.620575	0.000000	0.000000	3.513285
2.100000	0.610000	0.046504	0.612731	0.609961	0.040185	0.620679	0.000000	0.000000	3.554016
2.110000	0.610000	0.047148	0.612731	0.609959	0.040773	0.620784	0.000000	0.000000	3.594685
2.120000	0.610000	0.047797	0.612731	0.609957	0.041366	0.620889	0.000000	0.000000	3.635283
2.130000	0.610000	0.048451	0.612731	0.609955	0.041965	0.620993	0.000000	0.000000	3.675796
2.140000	0.610000	0.049109	0.612731	0.609953	0.042569	0.621098	0.000000	0.000000	3.716214
2.150000	0.610000	0.049772	0.612731	0.609951	0.043178	0.621203	0.000000	0.000000	3.756523
2.160000	0.610000	0.050439	0.612731	0.609949	0.043792	0.621308	0.000000	0.000000	3.796714
2.170000	0.610000	0.051111	0.612731	0.609946	0.044412	0.621413	0.000000	0.000000	3.836774
2.180000	0.610000	0.051787	0.612731	0.609944	0.045036	0.621517	0.000000	0.000000	3.876692
2.190000	0.610000	0.052467	0.612731	0.609942	0.045666	0.621622	0.000000	0.000000	3.916458
2.200000	0.610000	0.053152	0.612731	0.609940	0.046300	0.621726	0.000000	0.000000	3.956060
2.210000	0.610000	0.053840	0.612731	0.609937	0.046940	0.621831	0.000000	0.000000	3.995487
2.220000	0.610000	0.054532	0.612731	0.609935	0.047584	0.621935	0.000000	0.000000	4.034730
2.230000	0.610000	0.055228	0.612731	0.609933	0.048233	0.622039	0.000000	0.000000	4.073778
2.240000	0.610000	0.055928	0.612731	0.609930	0.048886	0.622142	0.000000	0.000000	4.112620
2.250000	0.610000	0.056631	0.612731	0.609928	0.049544	0.622245	0.000000	0.000000	4.151248
2.260000	0.610000	0.057338	0.612731	0.609925	0.050206	0.622348	0.000000	0.000000	4.189650
2.270000	0.610000	0.058048	0.612731	0.609923	0.050873	0.622450	0.000000	0.000000	4.227819
2.280000	0.610000	0.058761	0.612731	0.609920	0.051543	0.622552	0.000000	0.000000	4.265744
2.290000	0.610000	0.059478	0.612731	0.609918	0.052219	0.622654	0.000000	0.000000	4.303418
2.300000	0.610000	0.060197	0.612731	0.609915	0.052898	0.622755	0.000000	0.000000	4.340831
2.310000	0.610000	0.060919	0.612731	0.609912	0.053582	0.622856	0.000000	0.000000	4.377975
2.320000	0.610000	0.061644	0.612731	0.609910	0.054269	0.622956	0.000000	0.000000	4.414842
2.330000	0.610000	0.062371	0.612731	0.609907	0.054960	0.623055	0.000000	0.000000	4.451424
2.340000	0.610000	0.063101	0.612731	0.609904	0.055654	0.623154	0.000000	0.000000	4.487714
2.350000	0.610000	0.063834	0.612731	0.609902	0.056353	0.623252	0.000000	0.000000	4.523705
2.360000	0.610000	0.064568	0.612731	0.609899	0.057054	0.623350	0.000000	0.000000	4.559389
2.370000	0.610000	0.065305	0.612731	0.609896	0.057760	0.623446	0.000000	0.000000	4.594761
2.380000	0.610000	0.066043	0.612731	0.609893	0.058468	0.623542	0.000000	0.000000	4.629814
2.390000	0.610000	0.066783	0.612731	0.609891	0.059180	0.623638	0.000000	0.000000	4.664541
2.400000	0.610000	0.067525	0.612731	0.609888	0.059894	0.623732	0.000000	0.000000	4.698938
2.410000	0.610000	0.068268	0.612731	0.609885	0.060612	0.623826	0.000000	0.000000	4.732999
2.420000	0.610000	0.069013	0.612731	0.609882	0.061332	0.623919	0.000000	0.000000	4.766718
2.430000	0.610000	0.069759	0.612731	0.609879	0.062056	0.624012	0.000000	0.000000	4.800092
2.440000	0.610000	0.070505	0.612731	0.609876	0.062781	0.624103	0.000000	0.000000	4.833114
2.450000	0.610000	0.071253	0.612731	0.609874	0.063509	0.624193	0.000000	0.000000	4.865783
2.460000	0.610000	0.072002	0.612731	0.609871	0.064239	0.624283	0.000000	0.000000	4.898092
2.470000	0.610000	0.072751	0.612731	0.609868	0.064972	0.624372	0.000000	0.000000	4.930040
2.480000	0.610000	0.073500	0.612731	0.609865	0.065706	0.624459	0.000000	0.000000	4.961622
2.490000	0.610000	0.074250	0.612731	0.609862	0.066442	0.624546	0.000000	0.000000	4.992836
2.500000	0.610000	0.075000	0.612731	0.609860	0.067180	0.624632	0.000000	0.000000	5.023679
2.510000	0.610000	0.075750	0.612731	0.609857	0.067920	0.624717	0.000000	0.000000	5.054148
2.520000	0.610000	0.076500	0.612731	0.609854	0.068661	0.624800	0.000000	0.000000	5.084242
2.530000	0.610000	0.077249	0.612731	0.609851	0.069404	0.624883	0.000000	0.000000	5.113958
2.540000	0.610000	0.077998	0.612731	0.609849	0.070147	0.624965	0.000000	0.000000	5.143294
2.550000	0.610000	0.078747	0.612731	0.609846	0.070892	0.625046	0.000000	0.000000	5.172251
2.560000	0.610000	0.079495	0.612731	0.609844	0.071637	0.625125	0.000000	0.000000	5.200825
2.570000	0.610000	0.080241	0.612731	0.609841	0.072383	0.625204	0.000000	0.000000	5.229017
2.580000	0.610000	0.080987	0.612731	0.609838	0.073130	0.625282	0.000000	0.000000	5.256826
2.590000	0.610000	0.081732	0.612731	0.609836	0.073878	0.625359	0.000000	0.000000	5.284252
2.600000	0.610000	0.082475	0.612731	0.609833	0.074625	0.625434	0.000000	0.000000	5.311294
2.610000	0.610000	0.083217	0.612731	0.609831	0.075373	0.625509	0.000000	0.000000	5.337953
2.620000	0.610000	0.083957	0.612731	0.609829	0.076120	0.625582	0.000000	0.000000	5.364229
2.630000	0.610000	0.084695	0.612731	0.609826	0.076868	0.625654	0.000000	0.000000	5.390122
2.640000	0.610000	0.085432	0.612731	0.609824	0.077615	0.625725	0.000000	0.000000	5.415634
2.650000	0.610000	0.086166	0.612731	0.609822	0.078363	0.625796	0.000000	0.000000	5.440764
2.660000	0.610000	0.086899	0.612731	0.609820	0.079109	0.625865	0.000000	0.000000	5.465515
2.670000	0.610000	0.087629	0.612731	0.609818	0.079855	0.625933	0.000000	0.000000	5.489888
2.680000	0.610000	0.088356	0.612731	0.609816	0.080599	0.626000	0.000000	0.000000	5.513884
2.690000	0.610000	0.089081	0.612731	0.609814	0.081344	0.626066	0.000000	0.000000	5.537505
2.700000	0.610000	0.089803	0.612731	0.609812	0.082086	0.626130	0.000000	0.000000	5.560753
2.710000	0.610000	0.090522	0.612731	0.609810	0.082828	0.626194	0.000000	0.000000	5.583629
2.720000	0.610000	0.091239	0.612731	0.609808	0.083567	0.626257	0.000000	0.000000	5.606137
2.730000	0.610000	0.091952	0.612731	0.609806	0.084306	0.626319	0.000000	0.000000	5.628278
2.740000	0.610000	0.092662	0.612731	0.609805	0.085042	0.626379	0.000000	0.000000	5.650054
2.750000	0.610000	0.093369	0.612731	0.609803	0.085777	0.626439	0.000000	0.000000	5.671469
2.760000	0.610000	0.094072	0.612731	0.609802	0.086509	0.626497	0.000000	0.000000	5.692526
2.770000	0.610000	0.094772	0.612731	0.609800	0.087241	0.626555	0.000000	0.000000	5.713226
2.780000	0.610000	0.095468	0.612731	0.609799	0.087968	0.626611	0.000000	0.000000	5.733572
2.790000	0.610000	0.096160	0.612731	0.609798	0.088695	0.626667	0.000000	0.000000	5.753569
2.800000	0.610000	0.096848	0.612731	0.609797	0.089418	0.626721	0.000000	0.000000	5.773219
2.810000	0.610000	0.097533	0.612731	0.609796	0.090140	0.626775	0.000000	0.000000	5.792526
2.820000	0.610000	0.098213	0.612731	0.609795	0.090857	0.626827	0.000000	0.000000	5.811492
2.830000	0.610000	0.098889	0.612731	0.609794	0.091573	0.626879	0.000000	0.000000	5.830121
2.840000	0.610000	0.099561	0.612731	0.609793	0.092284	0.626929	0.000000	0.000000	5.848417
2.850000	0.610000	0.100228	0.612731	0.609793	0.092994	0.626979	0.000000	0.000000	5.866383
2.860000	0.610000	0.100891	0.612731	0.609792	0.093699	0.627028	0.000000	0.000000	5.884023
2.870000	0.610000	0.101549	0.612731	0.609791	0.094402	0.627076	0.000000	0.000000	5.901340
2.880000	0.610000	0.102203	0.612731	0.609791	0.095099	0.627122	0.000000	0.000000	5.918339
2.890000	0.610000	0.102852	0.612731	0.609791	0.095796	0.627169	0.000000	0.000000	5.935023
2.900000	0.610000	0.103496	0.612731	0.609791	0.096486	0.627213	0.000000	0.000000	5.951396
2.910000	0.610000	0.104135	0.612731	0.609790	0.097175	0.627258	0.000000	0.000000	5.967461
2.920000	0.610000	0.104770	0.612731	0.609791	0.097857	0.627301	0.000000	0.000000	5.983224
2.930000	0.610000	0.105399	0.612731	0.609791	0.098538	0.627344	0.000000	0.000000	5.998687
2.940000	0.610000	0.106023	0.612731	0.609791	0.099212	0.627386	0.000000	0.000000	6.013855
2.950000	0.610000	0.106642	0.612731	0.609791	0.099884	0.627427	0.000000	0.000000	6.028731
2.960000	0.610000	0.107256	0.612731	0.609792	0.100550	0.627467	0.000000	0.000000	6.043320
2.970000	0.610000	0.107865	0.612731	0.609792	0.101214	0.627506	0.000000	0.000000	6.057626
2.980000	0.610000	0.108468	0.612731	0.609793	0.101871	0.627545	0.000000	0.000000	6.071652
2.990000	0.610000	0.109066	0.612731	0.609793	0.102525	0.627583	0.000000	0.000000	6.085404
3.000000	0.610000	0.109659	0.612731	0.609794	0.103173	0.627619	0.000000	0.000000	6.098884
3.010000	0.610000	0.110246	0.612731	0.609794	0.103818	0.627656	0.000000	0.000000	6.112097
3.020000	0.610000	0.110828	0.612731	0.609796	0.104455	0.627692	0.000000	0.000000	6.125047
3.030000	0.610000	0.111404	0.612731	0.609796	0.105091	0.627727	0.000000	0.000000	6.137738
3.040000	0.610000	0.111974	0.612731	0.609798	0.105719	0.627761	0.000000	0.000000	6.150174
3.050000	0.610000	0.112539	0.612731	0.609799	0.106344	0.627795	0.000000	0.000000	6.162359
3.060000	0.610000	0.113098	0.612731	0.609800	0.106962	0.627827	0.000000	0.000000	6.174297
3.070000	0.610000	0.113652	0.612731	0.609801	0.107577	0.627860	0.000000	0.000000	6.185992
3.080000	0.610000	0.114200	0.612731	0.609803	0.108184	0.627891	0.000000	0.000000	6.197449
3.090000	0.610000	0.114742	0.612731	0.609804	0.108789	0.627923	0.000000	0.000000	6.208670
3.100000	0.610000	0.115279	0.612731	0.609806	0.109386	0.627953	0.000000	0.000000	6.219660
3.110000	0.610000	0.115810	0.612731	0.609807	0.109980	0.627983	0.000000	0.000000	6.230422
3.120000	0.610000	0.116335	0.612731	0.609809	0.110566	0.628012	0.000000	0.000000	6.240962
3.130000	0.610000	0.116854	0.612731	0.609811	0.111149	0.628041	0.000000	0.000000	6.251282
3.140000	0.610000	0.117367	0.612731	0.609813	0.111724	0.628069	0.000000	0.000000	6.261386
3.150000	0.610000	0.117875	0.612731	0.609814	0.112296	0.628097	0.000000	0.000000	6.271278
3.160000	0.610000	0.118377	0.612731	0.609817	0.112859	0.628123	0.000000	0.000000	6.280962
3.170000	0.610000	0.118873	0.612731	0.609818	0.113421	0.628150	0.000000	0.000000	6.290442
3.180000	0.610000	0.119364	0.612731	0.609821	0.113973	0.628176	0.000000	0.000000	6.299721
3.190000	0.610000	0.119849	0.612731	0.609822	0.114523	0.628202	0.000000	0.000000	6.308802
3.200000	0.610000	0.120328	0.612731	0.609825	0.115063	0.628226	0.000000	0.000000	6.317690
3.210000	0.610000	0.120801	0.612731	0.609827	0.115602	0.628252	0.000000	0.000000	6.326388
3.220000	0.610000	0.121268	0.612731	0.609830	0.116131	0.628275	0.000000	0.000000	6.334900
3.230000	0.610000	0.121730	0.612731	0.609831	0.116659	0.628299	0.000000	0.000000	6.343229
3.240000	0.610000	0.122186	0.612731	0.609834	0.117176	0.628322	0.000000	0.000000	6.351378
3.250000	0.610000	0.122636	0.612731	0.609836	0.117692	0.628345	0.000000	0.000000	6.359351
3.260000	0.610000	0.123081	0.612731	0.609839	0.118198	0.628367	0.000000	0.000000	6.367151
3.270000	0.610000	0.123520	0.612731	0.609841	0.118702	0.628390	0.000000	0.000000	6.374782
3.280000	0.610000	0.123953	0.612731	0.609844	0.119197	0.628410	0.000000	0.000000	6.382247
3.290000	0.610000	0.124381	0.612731	0.609846	0.119690	0.628432	0.000000	0.000000	6.389548
3.300000	0.610000	0.124803	0.612731	0.609849	0.120172	0.628452	0.000000	0.000000	6.396690
3.310000	0.610000	0.125219	0.612731	0.609851	0.120654	0.628473	0.000000	0.000000	6.403675
3.320000	0.610000	0.125630	0.612731	0.609855	0.121125	0.628492	0.000000	0.000000	6.410507
3.330000	0.610000	0.126036	0.612731	0.609857	0.121595	0.628513	0.000000	0.000000	6.417188
3.340000	0.610000	0.126436	0.612731	0.609860	0.122054	0.628531	0.000000	0.000000	6.423721
3.350000	0.610000	0.126830	0.612731	0.609862	0.122513	0.628551	0.000000	0.000000	6.430110
3.360000	0.610000	0.127219	0.612731	0.609865	0.122961	0.628568	0.000000	0.000000	6.436357
3.370000	0.610000	0.127603	0.612731	0.609867	0.123408	0.628588	0.000000	0.000000	6.442465
3.380000	0.610000	0.127981	0.612731	0.609871	0.123844	0.628604	0.000000	0.000000	6.448438
3.390000	0.610000	0.128355	0.612731	0.609873	0.124281	0.628623	0.000000	0.000000	6.454277
3.400000	0.610000	0.128722	0.612731	0.609876	0.124706	0.628639	0.000000	0.000000	6.459985
3.410000	0.610000	0.129085	0.612731	0.609878	0.125131	0.628657	0.000000	0.000000	6.465566
3.420000	0.610000	0.129442	0.612731	0.609882	0.125544	0.628672	0.000000	0.000000	6.471022
3.430000	0.610000	0.129795	0.612731	0.609884	0.125958	0.628690	0.000000	0.000000	6.476355
3.440000	0.610000	0.130142	0.612731	0.609887	0.126361	0.628705	0.000000	0.000000	6.481568
3.450000	0.610000	0.130484	0.612731	0.609889	0.126764	0.628722	0.000000	0.000000	6.486664
3.460000	0.610000	0.130821	0.612731	0.609893	0.127155	0.628736	0.000000	0.000000	6.491644
3.470000	0.610000	0.131153	0.612731	0.609895	0.127547	0.628752	0.000000	0.000000	6.496512
3.480000	0.610000	0.131480	0.612731	0.609898	0.127927	0.628766	0.000000	0.000000	6.501270
3.490000	0.610000	0.131802	0.612731	0.609900	0.128309	0.628782	0.000000	0.000000	6.505920
3.500000	0.610000	0.132120	0.612731	0.609904	0.128679	0.628795	0.000000	0.000000	6.510464
3.510000	0.610000	0.132432	0.612731	0.609905	0.129050	0.628810	0.000000	0.000000	6.514904
3.520000	0.610000	0.132740	0.612731	0.609909	0.129408	0.628823	0.000000	0.000000	6.519244
3.530000	0.610000	0.133043	0.612731	0.609911	0.129769	0.628838	0.000000	0.000000	6.523485
3.540000	0.610000	0.133342	0.612731	0.609914	0.130118	0.628850	0.000000	0.000000	6.527628
3.550000	0.610000	0.133635	0.612731	0.609916	0.130468	0.628864	0.000000	0.000000	6.531677
3.560000	0.610000	0.133925	0.612731	0.609919	0.130806	0.628876	0.000000	0.000000	6.535634
3.570000	0.610000	0.134210	0.612731	0.609921	0.131147	0.628890	0.000000	0.000000	6.539499
3.580000	0.610000	0.134490	0.612731	0.609925	0.131474	0.628901	0.000000	0.000000	6.543276
3.590000	0.610000	0.134766	0.612731	0.609926	0.131805	0.628915	0.000000	0.000000	6.546966
3.600000	0.610000	0.135037	0.612731	0.609930	0.132123	0.628925	0.000000	0.000000	6.550571
3.610000	0.610000	0.135305	0.612731	0.609931	0.132444	0.628938	0.000000	0.000000	6.554093
3.620000	0.610000	0.135568	0.612731	0.609934	0.132752	0.628948	0.000000	0.000000	6.557534
3.630000	0.610000	0.135826	0.612731	0.609936	0.133063	0.628961	0.000000	0.000000	6.560896
3.640000	0.610000	0.136081	0.612731	0.609939	0.133361	0.628971	0.000000	0.000000	6.564180
3.650000	0.610000	0.136332	0.612731	0.609940	0.133664	0.628984	0.000000	0.000000	6.567387
3.660000	0.610000	0.136578	0.612731	0.609944	0.133952	0.628992	0.000000	0.000000	6.570521
3.670000	0.610000	0.136820	0.612731	0.609945	0.134246	0.629005	0.000000	0.000000	6.573582
3.680000	0.610000	0.137059	0.612731	0.609948	0.134525	0.629013	0.000000	0.000000	6.576572
3.690000	0.610000	0.137293	0.612731	0.609949	0.134810	0.629025	0.000000	0.000000	6.579492
3.700000	0.610000	0.137524	0.612731	0.609953	0.135080	0.629033	0.000000	0.000000	6.582345
3.710000	0.610000	0.137751	0.612731	0.609953	0.135356	0.629045	0.000000	0.000000	6.585131
3.720000	0.610000	0.137974	0.612731	0.609957	0.135617	0.629053	0.000000	0.000000	6.587853
3.730000	0.610000	0.138193	0.612731	0.609957	0.135885	0.629064	0.000000	0.000000	6.590511
3.740000	0.610000	0.138409	0.612731	0.609961	0.136137	0.629071	0.000000	0.000000	6.593107
3.750000	0.610000	0.138621	0.612731	0.609961	0.136397	0.629083	0.000000	0.000000	6.595642
3.760000	0.610000	0.138830	0.612731	0.609965	0.136640	0.629089	0.000000	0.000000	6.598119
3.770000	0.610000	0.139035	0.612731	0.609965	0.136892	0.629100	0.000000	0.000000	6.600537
3.780000	0.610000	0.139236	0.612731	0.609968	0.137127	0.629106	0.000000	0.000000	6.602899
3.790000	0.610000	0.139434	0.612731	0.609969	0.137371	0.629117	0.000000	0.000000	6.605206
3.800000	0.610000	0.139629	0.612731	0.609972	0.137598	0.629123	0.000000	0.000000	6.607458
3.810000	0.610000	0.139821	0.612731	0.609972	0.137834	0.629134	0.000000	0.000000	6.609658
3.820000	0.610000	0.140009	0.612731	0.609975	0.138054	0.629139	0.000000	0.000000	6.611806
3.830000	0.610000	0.140194	0.612731	0.609975	0.138283	0.629150	0.000000	0.000000	6.613904
3.840000	0.610000	0.140375	0.612731	0.609979	0.138494	0.629155	0.000000	0.000000	6.615952
3.850000	0.610000	0.140554	0.612731	0.609978	0.138716	0.629165	0.000000	0.000000	6.617953
3.860000	0.610000	0.140729	0.612731	0.609982	0.138920	0.629169	0.000000	0.000000	6.619906
3.870000	0.610000	0.140902	0.612731	0.609981	0.139134	0.629179	0.000000	0.000000	6.621813
3.880000	0.610000	0.141071	0.612731	0.609985	0.139331	0.629184	0.000000	0.000000	6.623676
3.890000	0.610000	0.141238	0.612731	0.609984	0.139539	0.629193	0.000000	0.000000	6.625494
3.900000	0.610000	0.141401	0.612731	0.609988	0.139728	0.629197	0.000000	0.000000	6.627270
3.910000	0.610000	0.141562	0.612731	0.609987	0.139929	0.629207	0.000000	0.000000	6.629004
3.920000	0.610000	0.141720	0.612731	0.609990	0.140112	0.629210	0.000000	0.000000	6.630697
3.930000	0.610000	0.141875	0.612731	0.609989	0.140307	0.629220	0.000000	0.000000	6.632350
3.940000	0.610000	0.142027	0.612731	0.609993	0.140482	0.629223	0.000000	0.000000	6.633964
3.950000	0.610000	0.142177	0.612731	0.609992	0.140671	0.629232	0.000000	0.000000	6.635540
3.960000	0.610000	0.142324	0.612731	0.609995	0.140840	0.629235	0.000000	0.000000	6.637078
3.970000	0.610000	0.142468	0.612731	0.609994	0.141023	0.629244	0.000000	0.000000	6.638581
3.980000	0.610000	0.142610	0.612731	0.609997	0.141185	0.629247	0.000000	0.000000	6.640047
3.990000	0.610000	0.142749	0.612731	0.609996	0.141362	0.629256	0.000000	0.000000	6.641479
4.000000	0.610000	0.142886	0.612731	0.609999	0.141518	0.629258	0.000000	0.000000	6.642877
4.010000	0.610000	0.143020	0.612731	0.609998	0.141690	0.629267	0.000000	0.000000	6.644242
4.020000	0.610000	0.143152	0.612731	0.610001	0.141840	0.629269	0.000000	0.000000	6.645575
4.030000	0.610000	0.143282	0.612731	0.610000	0.142006	0.629277	0.000000	0.000000	6.646876
4.040000	0.610000	0.143409	0.612731	0.610003	0.142150	0.629279	0.000000	0.000000	6.648146
4.050000	0.610000	0.143534	0.612731	0.610001	0.142310	0.629287	0.000000	0.000000	6.649386
4.060000	0.610000	0.143657	0.612731	0.610005	0.142449	0.629289	0.000000	0.000000	6.650596
4.070000	0.610000	0.143777	0.612731	0.610003	0.142604	0.629297	0.000000	0.000000	6.651778
4.080000	0.610000	0.143895	0.612731	0.610006	0.142737	0.629298	0.000000	0.000000	6.652932
4.090000	0.610000	0.144011	0.612731	0.610004	0.142888	0.629306	0.000000	0.000000	6.654058
4.100000	0.610000	0.144125	0.612731	0.610008	0.143015	0.629307	0.000000	0.000000	6.655158
4.110000	0.610000	0.144237	0.612731	0.610005	0.143161	0.629315	0.000000	0.000000	0.000000
4.120000	0.610000	0.144347	0.612731	0.609946	0.142812	0.628977	0.000000	0.000000	0.000000
4.130000	0.610000	0.144455	0.612731	0.609908	0.142707	0.628584	0.000000	0.000000	0.000000
4.140000	0.610000	0.144560	0.612731	0.609866	0.142604	0.628065	0.000000	0.000000	0.000000
4.150000	0.610000	0.144664	0.612731	0.609821	0.142598	0.627471	0.000000	0.000000	0.000000
4.160000	0.610000	0.144766	0.612731	0.609785	0.142609	0.626791	0.000000	0.000000	0.000000
4.170000	0.610000	0.144866	0.612731	0.609742	0.142695	0.626061	0.000000	0.000000	0.000000
4.180000	0.610000	0.144965	0.612731	0.609711	0.142785	0.625270	0.000000	0.000000	0.000000
4.190000	0.610000	0.145061	0.612731	0.609674	0.142938	0.624454	0.000000	0.000000	0.000000
4.200000	0.610000	0.145156	0.612731	0.609650	0.143082	0.623601	0.000000	0.000000	0.000000
4.210000	0.610000	0.145249	0.612731	0.609620	0.143281	0.622744	0.000000	0.000000	0.000000
4.220000	0.610000	0.145340	0.612731	0.609605	0.143458	0.621870	0.000000	0.000000	0.000000
4.230000	0.610000	0.145429	0.612731	0.609583	0.143684	0.621012	0.000000	0.000000	0.000000
4.240000	0.610000	0.145517	0.612731	0.609576	0.143878	0.620151	0.000000	0.000000	0.000000
4.250000	0.610000	0.145603	0.612731	0.609561	0.144117	0.619322	0.000000	0.000000	0.000000
4.260000	0.610000	0.145688	0.612731	0.609563	0.144316	0.618503	0.000000	0.000000	0.000000
4.270000	0.610000	0.145771	0.612731	0.609556	0.144557	0.617727	0.000000	0.000000	0.000000
4.280000	0.610000	0.145852	0.612731	0.609565	0.144751	0.616972	0.000000	0.000000	0.000000
4.290000	0.610000	0.145932	0.612731	0.609565	0.144986	0.616267	0.000000	0.000000	0.000000
4.300000	0.610000	0.146010	0.612731	0.609582	0.145168	0.615589	0.000000	0.000000	0.000000
4.310000	0.610000	0.146087	0.612731	0.609588	0.145391	0.614968	0.000000	0.000000	0.000000
4.320000	0.610000	0.146163	0.612731	0.609611	0.145555	0.614376	0.000000	0.000000	0.000000
4.330000	0.610000	0.146237	0.612731	0.609621	0.145762	0.613844	0.000000	0.000000	0.000000
4.340000	0.610000	0.146310	0.612731	0.609649	0.145907	0.613343	0.000000	0.000000	0.000000
4.350000	0.610000	0.146381	0.612731	0.609663	0.146097	0.612904	0.000000	0.000000	0.000000
4.360000	0.610000	0.146451	0.612731	0.609694	0.146219	0.612493	0.000000	0.000000	0.000000
4.370000	0.610000	0.146520	0.612731	0.609710	0.146391	0.612144	0.000000	0.000000	0.000000
4.380000	0.610000	0.146587	0.612731	0.609744	0.146492	0.611820	0.000000	0.000000	0.000000
4.390000	0.610000	0.146653	0.612731	0.609761	0.146645	0.611556	0.000000	0.000000	0.000000
4.400000	0.610000	0.146718	0.612731	0.609797	0.146724	0.611314	0.000000	0.000000	0.000000
4.410000	0.610000	0.146781	0.612731	0.609814	0.146860	0.611129	0.000000	0.000000	0.000000
4.420000	0.610000	0.146844	0.612731	0.609850	0.146920	0.610960	0.000000	0.000000	0.000000
4.430000	0.610000	0.146905	0.612731	0.609865	0.147041	0.610846	0.000000	0.000000	0.000000
4.440000	0.610000	0.146965	0.612731	0.609901	0.147083	0.610742	0.000000	0.000000	0.000000
4.450000	0.610000	0.147024	0.612731	0.609915	0.147189	0.610689	0.000000	0.000000	0.000000
4.460000	0.610000	0.147082	0.612731	0.609949	0.147215	0.610640	0.000000	0.000000	0.000000
4.470000	0.610000	0.147138	0.612731	0.609960	0.147311	0.610638	0.000000	0.000000	0.000000
4.480000	0.610000	0.147194	0.612731	0.609993	0.147323	0.610635	0.000000	0.000000	0.000000
4.490000	0.610000	0.147249	0.612731	0.610002	0.147410	0.610675	0.000000	0.000000	0.000000
4.500000	0.610000	0.147302	0.612731	0.610033	0.147411	0.610709	0.000000	0.000000	0.000000
4.510000	0.610000	0.147355	0.612731	0.610038	0.147490	0.610781	0.000000	0.000000	0.000000
4.520000	0.610000	0.147406	0.612731	0.610067	0.147482	0.610841	0.000000	0.000000	0.000000
4.530000	0.610000	0.147457	0.612731	0.610069	0.147556	0.610937	0.000000	0.000000	0.000000
4.540000	0.610000	0.147506	0.612731	0.610096	0.147541	0.611017	0.000000	0.000000	0.000000
4.550000	0.610000	0.147555	0.612731	0.610095	0.147612	0.611129	0.000000	0.000000	0.000000
4.560000	0.610000	0.147602	0.612731	0.610119	0.147591	0.611221	0.000000	0.000000	0.000000
4.570000	0.610000	0.147649	0.612731	0.610115	0.147661	0.611342	0.000000	0.000000	0.000000
4.580000	0.610000	0.147695	0.612731	0.610137	0.147637	0.611439	0.000000	0.000000	0.000000
4.590000	0.610000	0.147740	0.612731	0.610130	0.147707	0.611564	0.000000	0.000000	0.000000
4.600000	0.610000	0.147784	0.612731	0.610150	0.147679	0.611661	0.000000	0.000000	0.000000
4.610000	0.610000	0.147827	0.612731	0.610140	0.147750	0.611785	0.000000	0.000000	0.000000
4.620000	0.610000	0.147870	0.612731	0.610159	0.147721	0.611878	0.000000	0.000000	0.000000
4.630000	0.610000	0.147911	0.612731	0.610146	0.147794	0.611997	0.000000	0.000000	0.000000
4.640000	0.610000	0.147952	0.612731	0.610163	0.147764	0.612083	0.000000	0.000000	0.000000
4.650000	0.610000	0.147992	0.612731	0.610149	0.147840	0.612193	0.000000	0.000000	0.000000
4.660000	0.610000	0.148031	0.612731	0.610164	0.147810	0.612269	0.000000	0.000000	0.000000
4.670000	0.610000	0.148070	0.612731	0.610148	0.147888	0.612370	0.000000	0.000000	0.000000
4.680000	0.610000	0.148107	0.612731	0.610163	0.147858	0.612435	0.000000	0.000000	0.000000
4.690000	0.610000	0.148144	0.612731	0.610145	0.147940	0.612525	0.000000	0.000000	0.000000
4.700000	0.610000	0.148181	0.612731	0.610159	0.147909	0.612578	0.000000	0.000000	0.000000
4.710000	0.610000	0.148216	0.612731	0.610139	0.147995	0.612656	0.000000	0.000000	0.000000
4.720000	0.610000	0.148251	0.612731	0.610153	0.147964	0.612696	0.000000	0.000000	0.000000
4.730000	0.610000	0.148285	0.612731	0.610132	0.148053	0.612763	0.000000	0.000000	0.000000
4.740000	0.610000	0.148319	0.612731	0.610146	0.148022	0.612792	0.000000	0.000000	0.000000
4.750000	0.610000	0.148352	0.612731	0.610124	0.148115	0.612847	0.000000	0.000000	0.000000
4.760000	0.610000	0.148384	0.612731	0.610138	0.148083	0.612865	0.000000	0.000000	0.000000
4.770000	0.610000	0.148416	0.612731	0.610116	0.148179	0.612910	0.000000	0.000000	0.000000
4.780000	0.610000	0.148447	0.612731	0.610130	0.148146	0.612917	0.000000	0.000000	0.000000
4.790000	0.610000	0.148477	0.612731	0.610106	0.148245	0.612953	0.000000	0.000000	0.000000
4.800000	0.610000	0.148507	0.612731	0.610121	0.148211	0.612951	0.000000	0.000000	0.000000
4.810000	0.610000	0.148537	0.612731	0.610097	0.148313	0.612979	0.000000	0.000000	0.000000
4.820000	0.610000	0.148565	0.612731	0.610113	0.148278	0.612968	0.000000	0.000000	0.000000
4.830000	0.610000	0.148593	0.612731	0.610088	0.148381	0.612990	0.000000	0.000000	0.000000
4.840000	0.610000	0.148621	0.612731	0.610105	0.148344	0.612972	0.000000	0.000000	0.000000
4.850000	0.610000	0.148648	0.612731	0.610080	0.148450	0.612989	0.000000	0.000000	0.000000
4.860000	0.610000	0.148675	0.612731	0.610097	0.148411	0.612966	0.000000	0.000000	0.000000
4.870000	0.610000	0.148701	0.612731	0.610072	0.148519	0.612978	0.000000	0.000000	0.000000
4.880000	0.610000	0.148726	0.612731	0.610090	0.148477	0.612950	0.000000	0.000000	0.000000
4.890000	0.610000	0.148751	0.612731	0.610064	0.148587	0.612960	0.000000	0.000000	0.000000
4.900000	0.610000	0.148776	0.612731	0.610083	0.148542	0.612929	0.000000	0.000000	0.000000
4.910000	0.610000	0.148800	0.612731	0.610057	0.148653	0.612937	0.000000	0.000000	0.000000
4.920000	0.610000	0.148823	0.612731	0.610078	0.148605	0.612903	0.000000	0.000000	0.000000
4.930000	0.610000	0.148846	0.612731	0.610051	0.148718	0.612910	0.000000	0.000000	0.000000
4.940000	0.610000	0.148869	0.612731	0.610073	0.148666	0.612876	0.000000	0.000000	0.000000
4.950000	0.610000	0.148891	0.612731	0.610046	0.148781	0.612882	0.000000	0.000000	0.000000
4.960000	0.610000	0.148913	0.612731	0.610068	0.148725	0.612847	0.000000	0.000000	0.000000
4.970000	0.610000	0.148934	0.612731	0.610041	0.148842	0.612854	0.000000	0.000000	0.000000
4.980000	0.610000	0.148955	0.612731	0.610065	0.148782	0.612819	0.000000	0.000000	0.000000
4.990000	0.610000	0.148976	0.612731	0.610037	0.148900	0.612827	0.000000	0.000000	0.000000
5.000000	0.610000	0.148996	0.612731	0.610061	0.148836	0.612792	0.000000	0.000000	0.000000
